0.999 0.001 0.001 -40.2
0.961 0.017 0.022 -44.3
0.904 0.042 0.055 -45.8
0.566 0.214 0.220 -48.2
0.976 0.013 0.011 -43.4
0.558 0.188 0.254 -51.3
0.559 0.190 0.251 -48.5
0.711 0.118 0.171 -47.7
0.964 0.016 0.019 -44.1
0.539 0.234 0.227 -49.1
0.922 0.040 0.038 -45.2
0.899 0.049 0.052 -45.6
0.620 0.151 0.228 -48.4
0.995 0.002 0.002 -41.2
0.746 0.123 0.131 -47.1
0.558 0.228 0.214 -49.7
0.998 0.001 0.001 -40.6
0.538 0.266 0.197 -50.1
0.985 0.008 0.007 -42.5
0.947 0.026 0.027 -44.6
0.608 0.186 0.206 -48.0
0.556 0.237 0.207 -48.4
0.541 0.268 0.191 -50.9
0.542 0.149 0.310 -51.7
0.558 0.187 0.255 -51.4
0.902 0.043 0.054 -45.7
0.863 0.072 0.065 -46.2
0.853 0.064 0.083 -46.5
0.983 0.009 0.008 -42.7
0.547 0.169 0.284 -50.1
0.688 0.109 0.203 -48.2
0.933 0.033 0.034 -45.0
0.539 0.247 0.215 -50.3
0.565 0.218 0.217 -48.3
0.538 0.236 0.226 -49.6
0.893 0.048 0.059 -45.8
0.870 0.050 0.080 -46.7
0.996 0.002 0.002 -40.8
0.563 0.184 0.253 -48.6
0.555 0.193 0.252 -49.9
0.997 0.001 0.002 -40.8
0.550 0.254 0.196 -48.6
0.999 0.000 0.000 -40.2
0.546 0.206 0.248 -51.5
0.989 0.005 0.006 -42.3
0.889 0.056 0.055 -45.9
0.567 0.164 0.269 -49.3
0.544 0.210 0.246 -50.5
0.998 0.001 0.001 -40.3
0.997 0.002 0.002 -40.8
0.991 0.004 0.005 -42.1
0.972 0.012 0.015 -43.5
0.567 0.161 0.271 -51.0
0.975 0.014 0.011 -43.5
0.540 0.173 0.287 -50.3
0.799 0.108 0.093 -47.0
0.645 0.209 0.146 -48.3
0.895 0.042 0.062 -46.0
0.994 0.003 0.003 -41.4
0.943 0.025 0.032 -44.7
0.992 0.004 0.004 -41.8
0.922 0.027 0.051 -46.1
0.814 0.097 0.089 -46.7
0.998 0.001 0.001 -40.2
0.725 0.130 0.145 -47.3
0.566 0.227 0.207 -48.5
0.550 0.218 0.232 -49.5
0.987 0.006 0.007 -42.4
0.545 0.212 0.243 -49.2
0.919 0.039 0.041 -45.3
0.553 0.214 0.234 -50.7
0.553 0.169 0.277 -50.1
0.891 0.041 0.068 -46.4
0.947 0.027 0.027 -44.5
0.558 0.228 0.214 -50.2
0.977 0.012 0.011 -43.3
0.692 0.153 0.155 -47.5
0.997 0.001 0.002 -40.6
0.994 0.003 0.003 -41.4
0.899 0.046 0.055 -45.8
0.987 0.007 0.006 -42.6
0.920 0.043 0.037 -45.4
0.931 0.037 0.032 -44.9
0.549 0.179 0.272 -50.6
0.955 0.017 0.028 -44.9
0.546 0.212 0.242 -51.4
0.685 0.176 0.139 -47.8
0.554 0.168 0.278 -50.8
0.961 0.020 0.019 -44.0
0.562 0.215 0.223 -48.5
0.965 0.016 0.019 -43.7
0.551 0.209 0.240 -48.8
0.961 0.016 0.023 -44.4
0.564 0.229 0.208 -48.4
0.680 0.173 0.146 -47.8
0.986 0.007 0.007 -42.4
0.562 0.208 0.230 -48.4
0.994 0.003 0.003 -41.2
0.994 0.003 0.003 -41.5
0.937 0.031 0.033 -44.8
0.968 0.014 0.018 -43.9
0.920 0.035 0.045 -45.5
0.537 0.227 0.236 -48.6
0.959 0.021 0.020 -44.2
0.585 0.185 0.229 -48.1
0.560 0.186 0.254 -48.8
0.539 0.234 0.227 -49.1
0.923 0.039 0.037 -45.1
0.923 0.045 0.032 -45.3
0.994 0.003 0.003 -41.5
0.676 0.156 0.168 -47.6
0.961 0.018 0.021 -44.2
0.539 0.224 0.237 -49.8
0.979 0.009 0.013 -43.6
0.957 0.025 0.018 -44.3
0.669 0.143 0.189 -48.0
0.540 0.287 0.173 -51.8
0.710 0.122 0.168 -47.8
0.930 0.037 0.033 -45.0
0.793 0.072 0.136 -47.8
0.871 0.050 0.079 -46.5
0.931 0.030 0.039 -45.2
0.538 0.246 0.216 -50.0
0.562 0.223 0.215 -48.4
0.602 0.176 0.222 -48.3
0.908 0.040 0.052 -45.7
0.996 0.002 0.002 -40.7
0.546 0.179 0.274 -49.5
0.996 0.002 0.002 -41.0
0.995 0.002 0.002 -41.2
0.997 0.001 0.001 -40.4
0.892 0.054 0.053 -45.8
0.995 0.002 0.003 -41.4
0.973 0.016 0.011 -43.8
0.875 0.072 0.052 -46.4
0.893 0.043 0.064 -46.1
0.944 0.024 0.032 -44.9
0.993 0.003 0.004 -41.7
0.922 0.027 0.051 -46.1
0.726 0.135 0.139 -47.4
0.556 0.198 0.246 -48.9
0.565 0.328 0.107 -50.8
0.966 0.016 0.018 -43.9
0.549 0.215 0.236 -48.6
0.904 0.045 0.052 -45.6
0.552 0.222 0.225 -51.3
0.789 0.094 0.117 -47.0
0.884 0.041 0.075 -46.8
0.948 0.026 0.026 -44.4
0.800 0.102 0.098 -46.8
0.975 0.013 0.011 -43.4
0.802 0.115 0.083 -46.9
0.990 0.005 0.005 -42.1
0.892 0.049 0.060 -45.9
0.974 0.015 0.012 -43.6
0.985 0.008 0.007 -42.5
0.951 0.018 0.031 -44.7
0.542 0.205 0.253 -49.2
0.583 0.228 0.189 -48.3
0.559 0.199 0.241 -50.4
0.921 0.039 0.039 -45.1
0.567 0.235 0.197 -51.3
0.965 0.016 0.019 -43.7
0.552 0.205 0.244 -49.3
0.939 0.021 0.040 -45.6
0.543 0.217 0.240 -49.2
0.897 0.049 0.054 -45.6
0.567 0.188 0.244 -48.5
0.996 0.002 0.002 -40.8
0.985 0.006 0.009 -43.0
0.931 0.032 0.036 -45.0
0.973 0.012 0.015 -43.7
0.926 0.033 0.041 -45.4
0.937 0.035 0.027 -45.0
0.555 0.194 0.250 -49.5
0.987 0.006 0.007 -42.5
0.907 0.048 0.046 -45.5
0.914 0.049 0.037 -45.4
0.577 0.170 0.253 -48.8
0.661 0.164 0.175 -47.6
0.562 0.248 0.190 -50.9
0.543 0.195 0.263 -49.4
0.960 0.021 0.019 -44.1
0.814 0.087 0.098 -46.8
0.761 0.096 0.143 -47.6
0.938 0.027 0.034 -44.9
0.862 0.069 0.069 -46.2
0.878 0.057 0.064 -46.1
0.985 0.007 0.007 -42.5
0.545 0.164 0.292 -50.3
0.723 0.083 0.193 -48.1
0.956 0.021 0.023 -44.3
0.551 0.231 0.218 -48.3
0.574 0.231 0.195 -48.3
0.615 0.174 0.211 -48.1
0.763 0.092 0.145 -47.6
0.998 0.001 0.001 -40.1
0.547 0.189 0.265 -49.3
0.555 0.194 0.251 -49.9
0.988 0.006 0.007 -42.5
0.811 0.107 0.082 -46.9
0.995 0.003 0.002 -41.2
0.554 0.223 0.223 -48.5
0.912 0.043 0.044 -45.5
0.566 0.170 0.264 -49.1
0.543 0.206 0.251 -51.4
0.980 0.009 0.011 -43.1
0.770 0.121 0.109 -47.1
0.542 0.175 0.283 -49.9
0.831 0.068 0.101 -47.0
0.996 0.002 0.002 -41.1
0.922 0.033 0.045 -45.4
0.998 0.001 0.001 -40.3
0.898 0.034 0.068 -46.7
0.746 0.125 0.129 -47.2
0.558 0.198 0.244 -48.9
0.552 0.208 0.241 -48.6
0.645 0.168 0.188 -47.8
0.909 0.044 0.046 -45.5
0.897 0.038 0.065 -46.4
0.887 0.057 0.056 -45.8
0.551 0.221 0.228 -48.8
0.955 0.023 0.022 -44.2
0.571 0.222 0.207 -48.2
0.944 0.029 0.028 -44.8
0.888 0.055 0.058 -45.7
0.552 0.174 0.274 -51.6
0.935 0.027 0.038 -45.2
0.589 0.199 0.212 -48.1
0.752 0.138 0.110 -47.4
0.964 0.017 0.019 -44.0
0.593 0.225 0.182 -48.6
0.552 0.201 0.247 -49.2
0.961 0.013 0.026 -45.1
0.892 0.049 0.059 -45.9
0.830 0.081 0.090 -46.7
0.995 0.003 0.003 -41.1
0.546 0.216 0.239 -48.8
0.986 0.007 0.006 -42.5
0.998 0.001 0.001 -40.5
0.918 0.037 0.045 -45.4
0.974 0.011 0.015 -43.7
0.895 0.049 0.056 -45.8
0.975 0.013 0.012 -43.5
0.653 0.154 0.192 -47.9
0.569 0.156 0.275 -49.2
0.955 0.023 0.022 -44.4
0.546 0.237 0.217 -50.8
0.941 0.028 0.031 -44.8
0.620 0.141 0.239 -48.7
0.984 0.009 0.008 -42.9
0.538 0.245 0.218 -51.1
0.560 0.210 0.230 -48.3
0.770 0.104 0.126 -47.2
0.533 0.298 0.169 -52.0
0.558 0.156 0.285 -51.1
0.983 0.008 0.009 -42.7
0.917 0.042 0.040 -45.3
0.855 0.063 0.081 -46.5
0.537 0.154 0.309 -50.8
0.768 0.054 0.178 -48.5
0.957 0.021 0.023 -44.3
0.539 0.251 0.211 -51.1
0.560 0.229 0.211 -48.3
0.529 0.223 0.248 -51.0
0.532 0.216 0.252 -48.8
0.880 0.046 0.074 -46.5
0.555 0.193 0.252 -49.9
0.986 0.006 0.008 -42.7
0.991 0.005 0.004 -42.0
0.991 0.004 0.005 -41.9
0.857 0.070 0.073 -46.2
0.561 0.181 0.258 -49.0
0.553 0.204 0.242 -49.7
0.998 0.001 0.001 -40.2
0.837 0.067 0.096 -46.9
0.970 0.013 0.017 -43.6
0.830 0.087 0.083 -46.4
0.738 0.104 0.158 -47.8
0.553 0.220 0.227 -49.2
0.859 0.060 0.082 -46.4
0.916 0.037 0.048 -45.6
0.890 0.040 0.071 -46.4
0.762 0.116 0.122 -47.1
0.792 0.099 0.109 -46.8
0.567 0.193 0.240 -50.3
0.903 0.041 0.056 -45.9
0.988 0.006 0.007 -42.3
0.625 0.175 0.200 -47.9
0.907 0.045 0.047 -45.5
0.937 0.026 0.037 -45.1
0.643 0.172 0.185 -47.8
0.986 0.008 0.006 -42.6
0.656 0.182 0.163 -47.8
0.883 0.052 0.065 -46.1
0.972 0.015 0.012 -43.6
0.942 0.029 0.028 -44.8
0.530 0.240 0.230 -48.7
0.550 0.194 0.255 -49.5
0.701 0.136 0.163 -47.6
0.935 0.036 0.029 -45.1
0.573 0.215 0.212 -51.8
0.550 0.203 0.247 -49.6
0.543 0.209 0.248 -49.5
0.550 0.216 0.235 -48.6
0.994 0.003 0.003 -41.2
0.988 0.005 0.006 -42.4
0.963 0.017 0.021 -44.1
0.990 0.005 0.005 -42.1
0.989 0.005 0.006 -42.4
0.923 0.033 0.044 -45.5
0.697 0.140 0.163 -47.5
0.976 0.010 0.013 -43.5
0.557 0.184 0.259 -50.5
0.635 0.166 0.199 -47.9
0.952 0.023 0.025 -44.5
0.628 0.184 0.188 -47.8
0.824 0.087 0.089 -46.6
0.571 0.162 0.268 -49.2
0.983 0.009 0.008 -42.9
0.816 0.091 0.093 -46.7
0.976 0.011 0.013 -43.4
0.940 0.030 0.030 -44.7
0.596 0.191 0.213 -48.0
0.540 0.237 0.222 -49.7
0.558 0.176 0.265 -49.6
0.862 0.064 0.074 -46.2
0.921 0.039 0.040 -45.3
0.631 0.157 0.211 -48.2
0.685 0.108 0.207 -48.4
0.972 0.014 0.015 -43.7
0.576 0.253 0.170 -48.7
0.541 0.196 0.262 -49.4
0.797 0.087 0.116 -47.1
0.611 0.174 0.214 -48.2
0.549 0.197 0.254 -50.1
0.772 0.112 0.115 -47.0
0.561 0.180 0.259 -49.1
0.555 0.199 0.246 -48.9
0.999 0.001 0.001 -40.0
0.998 0.001 0.001 -40.3
0.980 0.009 0.011 -43.1
0.955 0.019 0.026 -44.2
0.567 0.162 0.271 -50.8
0.705 0.155 0.140 -47.5
0.623 0.162 0.216 -48.1
0.870 0.076 0.053 -46.6
0.559 0.214 0.227 -50.3
0.554 0.078 0.368 -50.7
0.999 0.001 0.001 -40.2
0.948 0.024 0.028 -44.5
0.964 0.012 0.024 -44.9
0.614 0.192 0.194 -48.0
0.689 0.145 0.165 -47.6
0.550 0.220 0.231 -49.6
0.988 0.006 0.007 -42.3
0.565 0.198 0.237 -48.4
0.865 0.068 0.067 -46.2
0.551 0.169 0.280 -51.2
0.838 0.061 0.102 -47.1
0.553 0.214 0.233 -48.8
0.671 0.162 0.167 -47.7
0.996 0.002 0.002 -41.0
0.548 0.224 0.228 -50.8
0.981 0.010 0.008 -43.1
0.692 0.165 0.143 -47.6
0.559 0.176 0.265 -49.0
0.752 0.108 0.140 -47.1
0.973 0.013 0.014 -43.5
0.566 0.220 0.214 -51.1
0.550 0.192 0.258 -49.9
0.809 0.076 0.115 -46.8
0.552 0.223 0.225 -48.5
0.993 0.004 0.003 -41.6
0.991 0.004 0.005 -42.1
0.989 0.005 0.006 -42.3
0.931 0.030 0.039 -45.3
0.925 0.038 0.036 -45.2
0.555 0.191 0.254 -49.1
0.627 0.171 0.202 -48.0
0.991 0.004 0.005 -42.0
0.797 0.108 0.096 -46.7
0.975 0.011 0.013 -43.4
0.788 0.104 0.108 -46.9
0.973 0.016 0.012 -43.8
0.540 0.219 0.241 -49.4
0.556 0.242 0.202 -49.7
0.997 0.001 0.001 -40.6
0.767 0.116 0.117 -47.1
0.986 0.007 0.007 -42.4
0.920 0.051 0.029 -46.0
0.549 0.183 0.268 -48.9
0.609 0.197 0.193 -48.0
0.534 0.253 0.213 -49.1
0.553 0.178 0.269 -50.4
0.629 0.198 0.173 -47.8
0.894 0.055 0.051 -45.8
0.938 0.027 0.036 -45.1
0.986 0.007 0.007 -42.4
0.550 0.159 0.292 -50.0
0.550 0.118 0.332 -50.2
0.966 0.017 0.017 -43.9
0.538 0.264 0.198 -51.3
0.555 0.247 0.198 -49.7
0.525 0.225 0.250 -51.6
0.801 0.086 0.113 -47.0
0.682 0.124 0.194 -48.2
0.989 0.005 0.006 -42.3
0.927 0.039 0.033 -45.0
0.553 0.230 0.217 -49.4
0.555 0.201 0.244 -48.8
0.979 0.010 0.011 -43.1
0.997 0.001 0.001 -40.6
0.975 0.012 0.014 -43.4
0.822 0.074 0.104 -47.0
0.587 0.183 0.230 -48.3
0.951 0.024 0.025 -44.5
0.815 0.117 0.068 -47.5
0.559 0.214 0.227 -50.2
0.940 0.023 0.037 -45.2
0.930 0.029 0.041 -45.4
0.998 0.001 0.001 -40.4
0.718 0.135 0.147 -47.4
0.979 0.011 0.010 -43.2
0.827 0.081 0.092 -46.6
0.558 0.210 0.232 -48.7
0.730 0.131 0.138 -47.4
0.989 0.005 0.006 -42.1
0.712 0.140 0.148 -47.3
0.922 0.039 0.040 -45.2
0.647 0.064 0.289 -49.7
0.556 0.227 0.216 -49.3
0.610 0.220 0.169 -48.0
0.993 0.003 0.004 -41.6
0.546 0.234 0.220 -50.9
0.937 0.033 0.030 -45.0
0.604 0.222 0.174 -48.2
0.549 0.208 0.243 -49.4
0.739 0.113 0.148 -47.2
0.540 0.229 0.231 -49.3
0.753 0.137 0.110 -47.4
0.551 0.197 0.252 -50.7
0.968 0.015 0.016 -43.8
0.959 0.019 0.022 -43.9
0.930 0.032 0.039 -45.0
0.541 0.219 0.240 -49.6
0.979 0.010 0.010 -43.1
0.995 0.003 0.003 -41.1
0.991 0.004 0.005 -42.2
0.932 0.033 0.035 -44.9
0.970 0.013 0.017 -43.9
0.948 0.021 0.031 -45.0
0.542 0.202 0.256 -49.4
0.975 0.011 0.014 -43.5
0.555 0.179 0.266 -49.5
0.594 0.162 0.244 -48.6
0.893 0.055 0.052 -45.6
0.809 0.094 0.098 -46.7
0.787 0.102 0.110 -46.8
0.554 0.236 0.210 -49.7
0.988 0.005 0.007 -42.5
0.817 0.089 0.094 -46.7
0.984 0.007 0.008 -42.7
0.560 0.209 0.230 -48.3
0.790 0.103 0.107 -47.0
0.528 0.246 0.226 -48.4
0.621 0.145 0.234 -48.5
0.558 0.159 0.283 -50.7
0.566 0.201 0.233 -48.3
0.849 0.070 0.081 -46.5
0.953 0.020 0.027 -44.7
0.977 0.012 0.011 -43.2
0.551 0.151 0.298 -50.2
0.545 0.118 0.337 -50.6
0.990 0.005 0.005 -42.0
0.528 0.318 0.154 -51.7
0.533 0.201 0.267 -50.9
0.545 0.204 0.250 -48.8
0.555 0.173 0.272 -49.9
0.874 0.049 0.077 -46.6
0.995 0.002 0.003 -41.1
0.686 0.153 0.161 -47.6
0.997 0.002 0.002 -40.9
0.584 0.167 0.249 -48.7
0.994 0.003 0.003 -41.5
0.628 0.224 0.148 -48.1
0.601 0.201 0.197 -48.1
0.556 0.194 0.249 -48.8
0.980 0.009 0.011 -43.1
0.935 0.028 0.037 -45.2
0.563 0.157 0.280 -49.8
0.615 0.193 0.191 -48.0
0.901 0.045 0.054 -45.8
0.915 0.056 0.029 -46.4
0.974 0.009 0.017 -44.2
0.970 0.014 0.016 -43.6
0.998 0.001 0.001 -40.3
0.894 0.040 0.066 -46.4
0.745 0.122 0.132 -47.2
0.962 0.019 0.019 -44.0
0.824 0.083 0.093 -46.6
0.592 0.247 0.160 -48.8
0.552 0.210 0.238 -50.0
0.981 0.009 0.010 -43.0
0.940 0.030 0.029 -44.8
0.553 0.186 0.261 -49.9
0.551 0.193 0.256 -49.4
0.840 0.055 0.105 -47.2
0.930 0.035 0.035 -44.9
0.957 0.022 0.021 -44.2
0.644 0.173 0.183 -47.8
0.952 0.021 0.027 -44.6
0.992 0.004 0.004 -41.7
0.962 0.021 0.017 -44.1
0.741 0.161 0.098 -47.8
0.786 0.101 0.113 -47.0
0.631 0.155 0.214 -47.8
0.592 0.197 0.211 -48.1
0.563 0.219 0.218 -50.1
0.923 0.034 0.043 -45.4
0.566 0.225 0.209 -51.2
0.927 0.035 0.038 -45.1
0.968 0.013 0.018 -44.0
0.542 0.215 0.243 -49.4
0.976 0.012 0.012 -43.4
0.569 0.173 0.258 -48.9
0.992 0.004 0.005 -41.9
0.991 0.005 0.004 -42.0
0.972 0.013 0.015 -43.7
0.742 0.095 0.163 -48.0
0.583 0.190 0.227 -48.3
0.837 0.068 0.095 -46.8
0.590 0.178 0.231 -48.4
0.985 0.007 0.009 -42.9
0.816 0.097 0.088 -46.5
0.945 0.028 0.026 -44.6
0.724 0.147 0.129 -47.4
0.586 0.149 0.265 -49.0
0.997 0.002 0.001 -40.9
0.800 0.096 0.104 -46.7
0.560 0.241 0.200 -50.0
0.994 0.003 0.003 -41.5
0.873 0.061 0.066 -46.1
0.989 0.006 0.006 -42.2
0.829 0.084 0.087 -46.6
0.771 0.111 0.118 -47.0
0.543 0.147 0.310 -51.6
0.561 0.201 0.238 -48.4
0.968 0.017 0.015 -43.8
0.963 0.016 0.021 -44.3
0.629 0.132 0.238 -48.7
0.993 0.004 0.004 -41.6
0.539 0.243 0.219 -50.8
0.558 0.303 0.138 -51.0
0.533 0.210 0.257 -49.2
0.711 0.140 0.149 -47.5
0.565 0.182 0.252 -48.8
0.872 0.049 0.078 -46.7
0.993 0.003 0.004 -41.6
0.918 0.055 0.027 -46.2
0.561 0.195 0.244 -48.8
0.996 0.002 0.002 -40.8
0.917 0.040 0.043 -45.3
0.553 0.231 0.216 -49.4
0.687 0.134 0.179 -47.9
0.990 0.004 0.006 -42.4
0.975 0.012 0.013 -43.4
0.942 0.031 0.028 -44.8
0.558 0.209 0.233 -50.3
0.972 0.010 0.018 -44.4
0.965 0.016 0.019 -43.9
0.996 0.002 0.002 -41.3
0.936 0.027 0.037 -45.2
0.716 0.137 0.147 -47.4
0.998 0.001 0.001 -40.4
0.565 0.223 0.212 -51.3
0.563 0.194 0.242 -48.5
0.983 0.008 0.009 -42.8
0.717 0.142 0.141 -47.3
0.961 0.018 0.021 -44.1
0.551 0.167 0.282 -51.0
0.901 0.029 0.070 -46.9
0.892 0.053 0.055 -45.6
0.552 0.185 0.263 -50.1
0.545 0.286 0.169 -50.3
0.991 0.004 0.005 -41.9
0.963 0.018 0.019 -44.1
0.979 0.012 0.009 -43.4
0.591 0.229 0.179 -48.2
0.592 0.177 0.231 -48.1
0.616 0.191 0.192 -47.9
0.692 0.169 0.140 -47.8
0.556 0.192 0.252 -49.5
0.947 0.025 0.028 -44.6
0.975 0.011 0.013 -43.4
0.550 0.193 0.257 -49.8
0.963 0.017 0.020 -43.8
0.620 0.197 0.183 -48.0
0.985 0.007 0.009 -42.9
0.946 0.025 0.029 -44.7
0.990 0.004 0.006 -42.3
0.984 0.007 0.009 -42.8
0.716 0.108 0.176 -48.0
0.971 0.013 0.016 -43.8
0.822 0.094 0.085 -46.5
0.960 0.021 0.019 -44.1
0.696 0.136 0.168 -47.7
0.685 0.142 0.173 -47.6
0.995 0.003 0.003 -41.3
0.763 0.116 0.121 -47.0
0.567 0.254 0.179 -50.5
0.960 0.018 0.022 -44.2
0.970 0.014 0.016 -43.8
0.866 0.068 0.065 -46.1
0.829 0.084 0.087 -46.6
0.538 0.265 0.197 -50.0
0.544 0.147 0.308 -51.3
0.798 0.091 0.111 -46.9
0.983 0.011 0.006 -43.5
0.779 0.098 0.123 -47.2
0.978 0.011 0.011 -43.1
0.601 0.139 0.259 -48.9
0.829 0.054 0.117 -47.6
0.539 0.242 0.219 -50.7
0.548 0.240 0.212 -48.8
0.534 0.201 0.265 -50.6
0.583 0.209 0.208 -48.1
0.835 0.087 0.078 -46.5
0.998 0.001 0.001 -40.4
0.553 0.226 0.220 -51.8
0.876 0.043 0.081 -46.8
0.981 0.007 0.012 -43.5
0.786 0.083 0.131 -47.5
0.996 0.002 0.002 -40.7
0.918 0.044 0.038 -45.2
0.556 0.212 0.231 -49.6
0.556 0.185 0.260 -48.9
0.952 0.023 0.025 -44.5
0.969 0.014 0.016 -43.7
0.553 0.195 0.252 -50.7
0.583 0.183 0.234 -48.4
0.939 0.032 0.029 -44.9
0.820 0.088 0.091 -46.6
0.563 0.223 0.214 -50.9
0.988 0.004 0.008 -43.0
0.940 0.025 0.034 -45.0
0.998 0.001 0.001 -40.3
0.686 0.148 0.166 -47.6
0.738 0.121 0.141 -47.3
0.555 0.208 0.237 -50.2
0.983 0.008 0.009 -42.8
0.957 0.021 0.022 -44.3
0.551 0.198 0.251 -50.0
0.867 0.058 0.074 -46.1
0.877 0.043 0.080 -46.9
0.595 0.217 0.188 -48.0
0.970 0.014 0.015 -43.7
0.541 0.227 0.232 -51.0
0.592 0.213 0.194 -48.1
0.547 0.226 0.227 -49.8
0.544 0.252 0.203 -48.7
0.689 0.168 0.143 -47.7
0.570 0.238 0.192 -51.8
0.980 0.009 0.011 -43.1
0.541 0.225 0.234 -49.0
0.648 0.162 0.190 -47.9
0.975 0.012 0.013 -43.4
0.983 0.008 0.009 -42.9
0.989 0.006 0.005 -42.2
0.989 0.004 0.006 -42.4
0.717 0.104 0.179 -48.2
0.842 0.076 0.082 -46.4
0.854 0.070 0.076 -46.3
0.553 0.185 0.262 -50.5
0.595 0.173 0.232 -48.3
0.910 0.047 0.042 -45.4
0.987 0.006 0.006 -42.2
0.847 0.065 0.087 -46.6
0.774 0.110 0.116 -46.9
0.564 0.252 0.184 -50.4
0.993 0.003 0.004 -41.8
0.904 0.044 0.051 -45.6
0.983 0.008 0.010 -43.0
0.862 0.066 0.072 -46.3
0.537 0.282 0.182 -50.7
0.545 0.145 0.310 -51.4
0.966 0.018 0.016 -43.9
0.855 0.063 0.082 -46.6
0.978 0.011 0.011 -43.1
0.593 0.136 0.272 -49.1
0.692 0.112 0.197 -47.8
0.987 0.006 0.006 -42.3
0.540 0.236 0.224 -50.7
0.548 0.242 0.211 -49.1
0.544 0.185 0.271 -49.7
0.574 0.213 0.212 -48.2
0.535 0.199 0.266 -49.4
0.998 0.001 0.001 -40.5
0.665 0.132 0.203 -48.2
0.993 0.003 0.004 -41.5
0.996 0.002 0.002 -41.3
0.937 0.033 0.030 -44.7
0.552 0.231 0.217 -49.6
0.565 0.182 0.253 -48.7
0.981 0.010 0.010 -42.9
0.961 0.019 0.020 -44.0
0.850 0.068 0.082 -46.2
0.571 0.159 0.269 -51.8
0.710 0.164 0.126 -47.6
0.561 0.219 0.221 -50.7
0.963 0.014 0.022 -44.5
0.989 0.005 0.006 -42.2
0.986 0.006 0.007 -42.6
0.550 0.209 0.242 -49.2
0.570 0.168 0.262 -49.8
0.560 0.246 0.194 -51.4
0.995 0.002 0.002 -41.0
0.717 0.142 0.141 -47.3
0.957 0.021 0.022 -44.3
0.545 0.229 0.226 -50.6
0.691 0.138 0.171 -47.7
0.829 0.063 0.108 -47.3
0.618 0.160 0.222 -48.3
0.626 0.196 0.178 -47.8
0.546 0.208 0.246 -50.8
0.987 0.007 0.006 -42.6
0.559 0.232 0.209 -48.4
0.544 0.253 0.203 -48.7
0.788 0.115 0.098 -47.1
0.605 0.183 0.212 -48.2
0.948 0.024 0.028 -44.6
0.545 0.195 0.261 -50.3
0.964 0.016 0.020 -43.8
0.540 0.238 0.222 -49.3
0.644 0.193 0.163 -47.9
0.962 0.019 0.020 -44.0
0.548 0.224 0.228 -48.8
0.994 0.003 0.003 -41.3
0.981 0.010 0.009 -43.0
0.866 0.063 0.071 -46.2
0.584 0.130 0.286 -50.6
0.674 0.140 0.186 -47.9
0.982 0.009 0.009 -42.8
0.554 0.188 0.258 -51.1
0.716 0.108 0.176 -48.0
0.553 0.201 0.247 -48.8
0.664 0.213 0.123 -47.9
0.991 0.005 0.005 -41.9
0.982 0.008 0.010 -42.8
0.575 0.151 0.275 -49.3
0.996 0.002 0.002 -41.1
0.794 0.099 0.107 -46.7
0.567 0.246 0.187 -51.1
0.991 0.004 0.005 -42.1
0.936 0.033 0.032 -44.7
0.954 0.021 0.024 -44.4
0.604 0.224 0.172 -48.2
0.962 0.018 0.020 -44.1
0.613 0.152 0.236 -48.6
0.827 0.077 0.097 -46.8
0.966 0.018 0.016 -43.9
0.960 0.018 0.022 -44.3
0.937 0.031 0.032 -44.8
0.593 0.145 0.262 -49.0
0.902 0.035 0.064 -46.4
0.637 0.187 0.176 -47.8
0.543 0.177 0.280 -50.0
0.870 0.052 0.077 -46.5
0.659 0.160 0.180 -47.7
0.984 0.006 0.011 -43.6
0.676 0.132 0.192 -48.1
0.971 0.013 0.016 -43.7
0.994 0.003 0.003 -41.3
0.581 0.183 0.236 -48.5
0.997 0.002 0.002 -41.0
0.938 0.031 0.031 -44.8
0.552 0.229 0.218 -49.6
0.568 0.182 0.250 -48.6
0.995 0.003 0.002 -41.0
0.995 0.002 0.003 -41.2
0.977 0.011 0.012 -43.3
0.975 0.011 0.014 -43.4
0.572 0.174 0.254 -51.4
0.911 0.044 0.045 -45.5
0.941 0.030 0.028 -44.8
0.561 0.219 0.220 -50.9
0.971 0.009 0.020 -44.6
0.975 0.012 0.013 -43.2
0.993 0.003 0.004 -41.6
0.975 0.011 0.014 -43.5
0.555 0.191 0.254 -48.8
0.997 0.001 0.002 -40.7
0.570 0.192 0.238 -49.9
0.995 0.002 0.003 -41.1
0.982 0.010 0.009 -43.0
0.546 0.220 0.234 -50.6
0.551 0.168 0.281 -51.0
0.551 0.223 0.226 -49.0
0.980 0.011 0.010 -43.0
0.794 0.115 0.091 -46.7
0.998 0.001 0.001 -40.3
0.998 0.001 0.001 -40.2
0.559 0.230 0.211 -48.4
0.859 0.066 0.075 -46.2
0.543 0.203 0.254 -50.1
0.766 0.133 0.100 -47.4
0.598 0.149 0.254 -48.9
0.996 0.002 0.002 -41.0
0.565 0.234 0.201 -50.9
0.964 0.017 0.018 -43.9
0.554 0.207 0.239 -50.4
0.538 0.237 0.224 -48.9
0.638 0.193 0.170 -48.0
0.991 0.004 0.005 -42.1
0.972 0.013 0.015 -43.7
0.979 0.009 0.013 -43.5
0.585 0.131 0.283 -51.2
0.712 0.142 0.146 -47.5
0.980 0.009 0.011 -43.0
0.689 0.118 0.193 -48.2
0.552 0.200 0.248 -48.9
0.909 0.052 0.040 -45.4
0.754 0.115 0.130 -47.2
0.992 0.004 0.004 -41.8
0.998 0.001 0.001 -40.5
0.938 0.031 0.030 -44.7
0.904 0.058 0.038 -46.0
0.637 0.162 0.202 -48.0
0.970 0.014 0.016 -43.7
0.537 0.282 0.181 -50.8
0.564 0.148 0.287 -49.3
0.561 0.178 0.260 -49.2
0.550 0.208 0.243 -49.1
0.963 0.019 0.018 -44.1
0.979 0.010 0.011 -43.3
0.949 0.023 0.027 -44.6
0.601 0.134 0.265 -49.1
0.871 0.044 0.085 -46.9
0.938 0.031 0.031 -44.8
0.540 0.231 0.229 -49.5
0.551 0.278 0.171 -50.2
0.766 0.108 0.127 -47.1
0.941 0.027 0.032 -44.8
0.992 0.004 0.004 -41.9
0.543 0.258 0.199 -48.7
0.997 0.002 0.002 -40.8
0.557 0.177 0.266 -49.5
0.937 0.031 0.032 -44.8
0.549 0.236 0.215 -49.4
0.986 0.008 0.006 -42.6
0.986 0.006 0.008 -42.4
0.569 0.158 0.273 -51.9
0.536 0.250 0.214 -49.7
0.926 0.036 0.038 -45.1
0.937 0.032 0.030 -44.9
0.807 0.092 0.101 -46.9
0.948 0.017 0.035 -45.4
0.996 0.002 0.002 -41.0
0.980 0.009 0.011 -43.2
0.651 0.157 0.192 -48.0
0.998 0.001 0.001 -40.8
0.825 0.083 0.092 -46.6
0.554 0.205 0.241 -50.2
0.992 0.004 0.004 -41.8
0.964 0.020 0.015 -44.0
0.661 0.166 0.173 -47.7
0.552 0.177 0.271 -50.4
0.869 0.050 0.081 -46.6
0.555 0.230 0.215 -49.4
0.990 0.005 0.005 -41.9
0.549 0.248 0.204 -48.6
0.974 0.013 0.013 -43.5
0.946 0.028 0.026 -44.7
0.654 0.184 0.162 -47.7
0.769 0.108 0.123 -47.1
0.851 0.070 0.079 -46.3
0.573 0.190 0.238 -48.4
0.745 0.145 0.110 -47.6
0.551 0.182 0.267 -50.8
0.963 0.016 0.021 -44.0
0.641 0.216 0.142 -48.2
0.689 0.168 0.144 -47.7
0.992 0.004 0.004 -41.8
0.557 0.182 0.261 -49.2
0.994 0.003 0.003 -41.4
0.963 0.016 0.021 -44.2
0.963 0.018 0.019 -43.9
0.987 0.006 0.007 -42.5
0.585 0.103 0.311 -50.3
0.756 0.120 0.124 -47.2
0.985 0.007 0.008 -42.7
0.737 0.103 0.159 -47.8
0.928 0.034 0.038 -45.2
0.883 0.060 0.057 -45.8
0.934 0.032 0.034 -44.9
0.528 0.245 0.227 -50.7
0.775 0.102 0.123 -47.1
0.960 0.019 0.021 -44.2
0.608 0.173 0.219 -48.2
0.973 0.014 0.013 -43.5
0.535 0.283 0.182 -51.0
0.544 0.151 0.305 -50.6
0.639 0.153 0.207 -48.2
0.594 0.210 0.196 -48.1
0.966 0.018 0.016 -43.9
0.969 0.013 0.018 -44.1
0.925 0.035 0.040 -45.3
0.907 0.033 0.060 -46.3
0.945 0.027 0.027 -44.6
0.894 0.051 0.055 -45.8
0.551 0.304 0.145 -49.7
0.532 0.186 0.282 -49.9
0.722 0.130 0.148 -47.4
0.820 0.086 0.094 -46.7
0.996 0.001 0.003 -42.0
0.990 0.004 0.006 -42.0
0.767 0.095 0.138 -47.5
0.997 0.001 0.002 -41.1
0.814 0.096 0.090 -46.6
0.622 0.188 0.190 -47.9
0.546 0.198 0.256 -49.5
0.907 0.047 0.047 -45.6
0.987 0.006 0.007 -42.3
0.978 0.010 0.012 -43.1
0.831 0.078 0.091 -46.7
0.535 0.216 0.250 -48.8
0.821 0.079 0.101 -46.8
0.955 0.023 0.021 -44.3
0.559 0.212 0.229 -50.5
0.961 0.014 0.025 -44.7
0.971 0.014 0.015 -43.4
0.986 0.007 0.008 -42.6
0.977 0.010 0.014 -43.7
0.552 0.189 0.259 -49.6
0.908 0.046 0.046 -45.4
0.692 0.145 0.163 -47.7
0.989 0.005 0.006 -42.2
0.673 0.166 0.161 -47.6
0.955 0.024 0.022 -44.4
0.749 0.085 0.166 -48.1
0.552 0.182 0.266 -49.7
0.983 0.009 0.008 -42.8
0.546 0.213 0.241 -48.8
0.997 0.001 0.001 -40.5
0.973 0.013 0.014 -43.4
0.986 0.008 0.006 -42.7
0.999 0.001 0.000 -40.7
0.608 0.240 0.152 -48.4
0.778 0.103 0.119 -47.0
0.803 0.091 0.107 -46.9
0.545 0.209 0.246 -49.9
0.771 0.130 0.099 -47.4
0.563 0.219 0.219 -50.1
0.552 0.215 0.233 -48.6
0.773 0.162 0.065 -48.2
0.916 0.043 0.042 -45.4
0.558 0.182 0.260 -49.2
0.998 0.001 0.001 -40.3
0.953 0.022 0.025 -44.3
0.980 0.011 0.010 -43.1
0.814 0.086 0.100 -46.8
0.985 0.007 0.009 -42.6
0.552 0.189 0.258 -50.6
0.542 0.161 0.297 -51.2
0.545 0.208 0.246 -49.3
0.967 0.016 0.017 -43.8
0.772 0.125 0.103 -47.0
0.533 0.264 0.202 -49.8
0.599 0.155 0.247 -48.7
0.993 0.003 0.004 -41.8
0.892 0.054 0.054 -45.6
0.951 0.024 0.025 -44.4
0.846 0.087 0.066 -46.6
0.553 0.194 0.253 -49.0
0.981 0.010 0.009 -43.0
0.535 0.256 0.209 -48.9
0.554 0.222 0.224 -49.7
0.533 0.219 0.249 -49.9
0.882 0.059 0.059 -46.0
0.966 0.014 0.020 -44.3
0.988 0.006 0.006 -42.2
0.563 0.142 0.295 -49.7
0.919 0.029 0.052 -46.0
0.952 0.024 0.024 -44.4
0.541 0.219 0.240 -48.6
0.547 0.277 0.176 -49.2
0.864 0.072 0.064 -46.2
0.675 0.158 0.167 -47.7
0.985 0.006 0.009 -42.9
0.554 0.225 0.221 -51.7
0.885 0.048 0.067 -46.3
0.701 0.149 0.150 -47.6
0.991 0.005 0.004 -42.0
0.610 0.151 0.239 -48.7
0.554 0.200 0.247 -49.7
0.675 0.180 0.145 -47.6
0.989 0.005 0.006 -42.4
0.675 0.143 0.181 -47.8
0.892 0.048 0.061 -46.0
0.956 0.023 0.022 -44.4
0.948 0.021 0.031 -45.0
0.898 0.047 0.055 -45.6
0.992 0.004 0.004 -41.7
0.833 0.074 0.093 -46.7
0.557 0.210 0.233 -50.1
0.559 0.180 0.261 -50.1
0.557 0.200 0.243 -51.0
0.988 0.006 0.006 -42.2
0.958 0.022 0.020 -44.2
0.574 0.109 0.317 -51.2
0.959 0.014 0.027 -45.0
0.790 0.095 0.115 -47.0
0.607 0.208 0.185 -48.0
0.549 0.204 0.247 -50.7
0.758 0.108 0.134 -47.3
0.545 0.210 0.245 -49.9
0.558 0.193 0.249 -48.9
0.980 0.011 0.010 -43.1
0.569 0.241 0.190 -51.4
0.967 0.016 0.017 -43.8
0.992 0.004 0.004 -41.9
0.580 0.167 0.253 -48.8
0.963 0.016 0.021 -44.3
0.998 0.001 0.001 -40.5
0.964 0.016 0.019 -43.9
0.991 0.005 0.004 -42.0
0.638 0.126 0.236 -48.8
0.785 0.104 0.111 -47.0
0.775 0.089 0.136 -47.5
0.548 0.203 0.249 -49.6
0.907 0.047 0.046 -45.6
0.983 0.008 0.009 -42.7
0.535 0.211 0.254 -50.4
0.779 0.099 0.122 -47.1
0.997 0.002 0.002 -40.8
0.995 0.003 0.003 -41.3
0.989 0.006 0.005 -42.0
0.745 0.117 0.138 -47.3
0.973 0.014 0.013 -43.6
0.543 0.233 0.225 -49.7
0.584 0.144 0.272 -49.0
0.649 0.166 0.185 -47.9
0.565 0.208 0.227 -48.2
0.960 0.019 0.020 -44.2
0.961 0.018 0.021 -44.3
0.990 0.005 0.005 -41.9
0.610 0.127 0.263 -49.0
0.920 0.029 0.051 -46.0
0.953 0.023 0.024 -44.3
0.542 0.304 0.155 -50.1
0.551 0.317 0.132 -49.8
0.519 0.199 0.282 -50.5
0.797 0.103 0.100 -46.7
0.947 0.025 0.028 -44.6
0.997 0.001 0.002 -41.4
0.596 0.194 0.211 -48.2
0.592 0.186 0.222 -48.2
0.885 0.055 0.060 -45.9
0.694 0.122 0.184 -48.1
0.997 0.001 0.001 -41.0
0.894 0.052 0.054 -45.7
0.550 0.238 0.212 -49.4
0.918 0.041 0.040 -45.3
0.945 0.025 0.030 -44.8
0.972 0.012 0.016 -43.8
0.569 0.158 0.273 -51.9
0.696 0.134 0.170 -47.7
0.821 0.078 0.101 -46.8
0.993 0.004 0.003 -41.7
0.556 0.183 0.261 -49.9
0.950 0.020 0.030 -45.0
0.989 0.005 0.006 -42.4
0.556 0.191 0.253 -49.7
0.561 0.293 0.146 -51.4
0.996 0.002 0.002 -40.8
0.967 0.018 0.015 -43.9
0.826 0.081 0.093 -46.6
0.763 0.073 0.164 -48.2
0.828 0.087 0.085 -46.5
0.577 0.203 0.221 -50.4
0.752 0.151 0.098 -47.7
0.998 0.001 0.001 -40.4
0.976 0.013 0.011 -43.4
0.957 0.023 0.020 -44.3
0.570 0.232 0.198 -48.3
0.552 0.200 0.248 -51.6
0.551 0.203 0.246 -49.3
0.557 0.212 0.231 -48.3
0.771 0.130 0.099 -47.4
0.615 0.152 0.233 -48.5
0.982 0.009 0.009 -42.9
0.958 0.021 0.021 -44.1
0.553 0.194 0.253 -50.1
0.642 0.218 0.139 -48.3
0.700 0.148 0.152 -47.6
0.966 0.015 0.019 -44.1
0.634 0.148 0.218 -48.3
0.988 0.005 0.006 -42.3
0.990 0.005 0.005 -42.1
0.974 0.012 0.014 -43.3
0.979 0.010 0.011 -43.2
0.959 0.020 0.021 -44.0
0.596 0.113 0.291 -51.5
0.878 0.063 0.060 -46.0
0.994 0.003 0.003 -41.3
0.908 0.034 0.059 -46.2
0.906 0.045 0.050 -45.5
0.897 0.054 0.049 -45.8
0.526 0.238 0.235 -50.1
0.697 0.140 0.163 -47.4
0.977 0.011 0.011 -43.3
0.555 0.224 0.220 -49.1
0.868 0.065 0.066 -46.0
0.881 0.053 0.066 -46.2
0.873 0.055 0.072 -46.3
0.985 0.008 0.007 -42.7
0.823 0.092 0.085 -46.6
0.593 0.141 0.266 -49.0
0.699 0.146 0.156 -47.4
0.916 0.035 0.049 -45.8
0.779 0.073 0.148 -48.0
0.544 0.227 0.229 -48.5
0.597 0.238 0.165 -48.4
0.518 0.195 0.287 -51.3
0.729 0.137 0.134 -47.4
0.547 0.220 0.233 -48.7
0.933 0.026 0.041 -45.5
0.695 0.151 0.153 -47.6
0.996 0.002 0.002 -41.0
0.832 0.078 0.090 -46.6
0.921 0.039 0.041 -45.2
0.676 0.140 0.184 -47.9
0.568 0.236 0.196 -48.9
0.998 0.001 0.001 -40.1
0.956 0.020 0.024 -44.4
0.982 0.006 0.012 -43.6
0.565 0.166 0.269 -51.3
0.674 0.143 0.183 -47.8
0.791 0.093 0.116 -47.0
0.950 0.023 0.027 -44.7
0.559 0.212 0.229 -50.5
0.972 0.010 0.018 -44.3
0.971 0.014 0.015 -43.5
0.562 0.178 0.260 -51.1
0.998 0.001 0.001 -40.2
0.872 0.062 0.066 -46.1
0.557 0.198 0.245 -50.9
0.972 0.013 0.015 -43.5
0.982 0.010 0.009 -43.0
0.843 0.061 0.095 -47.0
0.814 0.094 0.092 -46.7
0.958 0.022 0.020 -44.2
0.692 0.155 0.153 -47.6
0.996 0.002 0.002 -41.1
0.962 0.019 0.018 -44.1
0.969 0.017 0.014 -43.9
0.543 0.257 0.199 -48.7
0.548 0.211 0.241 -50.5
0.556 0.196 0.248 -49.2
0.545 0.227 0.228 -51.7
0.978 0.011 0.011 -43.2
0.627 0.167 0.205 -48.1
0.960 0.020 0.020 -44.0
0.555 0.207 0.238 -50.4
0.625 0.224 0.151 -48.3
0.971 0.013 0.017 -43.9
0.723 0.109 0.168 -47.9
0.975 0.011 0.014 -43.5
0.989 0.006 0.005 -42.2
0.959 0.020 0.021 -44.0
0.642 0.125 0.233 -48.8
0.940 0.024 0.036 -45.2
0.974 0.012 0.014 -43.3
0.543 0.200 0.258 -49.5
0.548 0.201 0.251 -49.0
0.967 0.016 0.017 -43.8
0.959 0.021 0.020 -44.3
0.979 0.010 0.011 -43.0
0.535 0.214 0.251 -50.7
0.985 0.008 0.008 -42.7
0.857 0.069 0.074 -46.1
0.563 0.257 0.181 -50.4
0.988 0.006 0.006 -42.4
0.805 0.104 0.092 -46.6
0.906 0.046 0.048 -45.5
0.748 0.117 0.135 -47.2
0.985 0.008 0.007 -42.6
0.536 0.262 0.202 -50.2
0.599 0.141 0.260 -48.9
0.558 0.235 0.207 -50.8
0.961 0.019 0.019 -44.1
0.969 0.012 0.019 -44.3
0.988 0.006 0.007 -42.2
0.539 0.173 0.287 -51.3
0.908 0.033 0.059 -46.2
0.541 0.227 0.232 -48.5
0.568 0.326 0.106 -49.6
0.658 0.168 0.174 -47.7
0.547 0.201 0.252 -51.4
0.940 0.024 0.037 -45.4
0.793 0.116 0.090 -47.0
0.989 0.006 0.005 -42.1
0.552 0.180 0.268 -51.0
0.989 0.005 0.006 -42.3
0.799 0.109 0.093 -46.6
0.998 0.001 0.001 -40.1
0.892 0.046 0.063 -46.1
0.921 0.030 0.049 -45.9
0.566 0.166 0.269 -51.4
0.872 0.058 0.070 -46.2
0.836 0.080 0.084 -46.5
0.913 0.035 0.052 -45.8
0.554 0.215 0.231 -49.7
0.994 0.002 0.004 -42.2
0.993 0.003 0.004 -42.1
0.912 0.044 0.045 -45.4
0.563 0.215 0.222 -50.4
0.559 0.196 0.245 -51.3
0.974 0.012 0.014 -43.4
0.951 0.024 0.025 -44.5
0.541 0.223 0.236 -50.4
0.937 0.022 0.041 -45.4
0.972 0.014 0.013 -43.5
0.972 0.015 0.013 -43.6
0.638 0.182 0.179 -47.8
0.998 0.001 0.001 -40.5
0.980 0.011 0.009 -43.1
0.533 0.292 0.175 -50.1
0.547 0.208 0.244 -49.2
0.565 0.204 0.231 -48.3
0.761 0.141 0.098 -47.6
0.997 0.002 0.001 -41.1
0.590 0.231 0.180 -48.7
0.924 0.037 0.039 -45.1
0.726 0.129 0.145 -47.2
0.982 0.008 0.010 -43.1
0.875 0.054 0.071 -46.3
0.996 0.002 0.002 -40.7
0.645 0.124 0.231 -48.8
0.980 0.009 0.011 -43.0
0.551 0.194 0.254 -50.5
0.685 0.135 0.179 -47.8
0.541 0.233 0.225 -51.3
0.965 0.017 0.018 -44.0
0.534 0.217 0.249 -51.3
0.882 0.054 0.064 -45.9
0.558 0.247 0.196 -49.8
0.994 0.003 0.003 -41.5
0.804 0.104 0.092 -46.6
0.833 0.089 0.078 -46.6
0.867 0.055 0.077 -46.5
0.973 0.013 0.014 -43.6
0.536 0.250 0.214 -49.4
0.554 0.171 0.275 -49.5
0.554 0.219 0.227 -49.7
0.558 0.202 0.240 -48.4
0.965 0.016 0.018 -44.0
0.991 0.005 0.005 -41.8
0.548 0.122 0.330 -51.0
0.600 0.172 0.228 -48.3
0.907 0.046 0.046 -45.5
0.552 0.193 0.255 -48.7
0.540 0.218 0.242 -49.5
0.723 0.126 0.150 -47.5
0.863 0.063 0.073 -46.2
0.859 0.071 0.070 -46.2
0.980 0.008 0.012 -43.3
0.547 0.220 0.233 -48.8
0.974 0.010 0.017 -44.0
0.971 0.014 0.015 -43.6
0.997 0.001 0.002 -40.8
0.970 0.017 0.013 -43.5
0.928 0.036 0.036 -45.1
0.987 0.006 0.007 -42.4
0.883 0.054 0.063 -46.0
0.983 0.006 0.011 -43.6
0.560 0.176 0.264 -49.9
0.742 0.127 0.131 -47.2
0.784 0.105 0.111 -47.0
0.901 0.041 0.058 -46.0
0.556 0.176 0.269 -50.0
0.998 0.001 0.001 -40.7
0.992 0.004 0.004 -41.7
0.978 0.010 0.012 -43.3
0.560 0.178 0.262 -50.7
0.884 0.060 0.056 -45.8
0.988 0.006 0.006 -42.1
0.597 0.190 0.212 -48.1
0.965 0.019 0.016 -44.0
0.551 0.167 0.281 -51.0
0.997 0.001 0.002 -40.7
0.973 0.014 0.013 -43.4
0.579 0.214 0.207 -51.2
0.977 0.012 0.011 -43.3
0.646 0.191 0.163 -47.8
0.540 0.240 0.220 -49.7
0.992 0.004 0.004 -41.8
0.548 0.205 0.247 -49.1
0.543 0.232 0.225 -51.9
0.855 0.068 0.076 -46.2
0.731 0.115 0.154 -47.6
0.949 0.025 0.026 -44.4
0.961 0.018 0.021 -43.9
0.978 0.010 0.013 -43.4
0.594 0.156 0.250 -48.7
0.998 0.001 0.001 -40.4
0.983 0.007 0.010 -43.2
0.988 0.006 0.006 -42.3
0.776 0.076 0.148 -48.0
0.546 0.252 0.202 -50.4
0.997 0.002 0.002 -40.7
0.566 0.212 0.222 -48.3
0.548 0.177 0.275 -49.3
0.987 0.006 0.007 -42.5
0.959 0.022 0.018 -44.3
0.933 0.031 0.036 -45.0
0.535 0.211 0.254 -49.4
0.788 0.095 0.116 -46.8
0.963 0.018 0.018 -44.1
0.893 0.057 0.050 -45.7
0.578 0.187 0.235 -48.4
0.877 0.061 0.062 -45.9
0.542 0.192 0.266 -49.2
0.969 0.012 0.019 -44.3
0.992 0.004 0.004 -41.7
0.539 0.145 0.316 -51.3
0.833 0.063 0.104 -47.2
0.980 0.009 0.011 -43.2
0.538 0.215 0.247 -48.8
0.540 0.219 0.241 -49.5
0.898 0.048 0.054 -45.7
0.996 0.001 0.003 -42.0
0.554 0.222 0.224 -48.5
0.952 0.022 0.026 -44.6
0.992 0.004 0.004 -41.9
0.991 0.004 0.005 -42.2
0.976 0.014 0.011 -43.5
0.556 0.186 0.258 -48.9
0.998 0.001 0.001 -40.0
0.955 0.022 0.023 -44.4
0.987 0.004 0.009 -43.5
0.813 0.085 0.102 -46.9
0.968 0.015 0.017 -43.5
0.786 0.105 0.109 -47.0
0.739 0.110 0.151 -47.6
0.562 0.189 0.250 -49.3
0.996 0.002 0.002 -40.8
0.986 0.007 0.008 -42.6
0.840 0.083 0.077 -46.4
0.557 0.198 0.245 -50.9
0.936 0.029 0.035 -45.0
0.733 0.135 0.132 -47.2
0.970 0.015 0.015 -43.6
0.777 0.103 0.120 -47.0
0.957 0.014 0.029 -45.3
0.732 0.131 0.137 -47.2
0.997 0.002 0.001 -40.7
0.538 0.246 0.216 -48.9
0.991 0.005 0.004 -42.0
0.986 0.008 0.006 -42.7
0.547 0.211 0.242 -50.3
0.876 0.055 0.069 -46.0
0.554 0.204 0.242 -49.1
0.997 0.001 0.001 -40.6
0.627 0.167 0.205 -48.1
0.540 0.344 0.115 -50.4
0.967 0.014 0.019 -44.2
0.542 0.155 0.303 -51.1
0.996 0.002 0.002 -40.7
0.989 0.005 0.006 -42.1
0.967 0.017 0.016 -43.9
0.962 0.019 0.019 -43.9
0.636 0.115 0.249 -49.6
0.545 0.255 0.200 -50.5
0.989 0.005 0.006 -42.0
0.551 0.192 0.256 -50.0
0.632 0.141 0.228 -48.5
0.542 0.226 0.231 -51.3
0.980 0.010 0.010 -43.0
0.912 0.048 0.040 -45.6
0.539 0.227 0.234 -48.8
0.922 0.035 0.042 -45.1
0.996 0.002 0.002 -40.9
0.616 0.188 0.196 -47.9
0.558 0.283 0.159 -51.3
0.989 0.005 0.006 -42.4
0.885 0.067 0.048 -46.1
0.846 0.088 0.065 -46.6
0.565 0.189 0.246 -48.6
0.986 0.008 0.006 -42.6
0.853 0.074 0.073 -46.2
0.701 0.143 0.156 -47.4
0.553 0.214 0.233 -49.4
0.869 0.062 0.068 -45.9
0.956 0.022 0.022 -44.2
0.764 0.093 0.143 -47.6
0.939 0.031 0.030 -44.8
0.544 0.207 0.250 -48.7
0.836 0.078 0.086 -46.5
0.530 0.222 0.248 -50.0
0.767 0.115 0.117 -47.0
0.858 0.073 0.069 -46.1
0.990 0.003 0.007 -43.0
0.940 0.024 0.036 -45.3
0.993 0.003 0.004 -41.6
0.972 0.012 0.016 -43.8
0.980 0.012 0.008 -43.4
0.995 0.001 0.003 -42.2
0.561 0.174 0.265 -49.9
0.963 0.017 0.020 -44.1
0.769 0.096 0.134 -47.4
0.811 0.086 0.103 -46.9
0.554 0.205 0.241 -49.8
0.995 0.002 0.002 -41.0
0.975 0.012 0.014 -43.4
0.708 0.142 0.150 -47.4
0.557 0.151 0.292 -51.6
0.925 0.032 0.044 -45.4
0.962 0.020 0.019 -44.1
0.557 0.212 0.231 -49.2
0.750 0.122 0.128 -47.1
0.985 0.008 0.007 -42.7
0.546 0.207 0.248 -51.1
0.654 0.211 0.135 -48.4
0.998 0.001 0.001 -40.9
0.599 0.180 0.220 -48.3
0.918 0.039 0.044 -45.3
0.554 0.207 0.239 -50.6
0.948 0.023 0.028 -44.4
0.636 0.223 0.141 -48.3
0.979 0.009 0.012 -43.3
0.959 0.020 0.021 -44.1
0.646 0.140 0.214 -48.4
0.715 0.149 0.136 -47.5
0.813 0.085 0.102 -46.8
0.602 0.151 0.247 -48.7
0.961 0.019 0.020 -44.0
0.541 0.199 0.260 -49.5
0.995 0.003 0.003 -41.2
0.524 0.262 0.214 -49.4
0.824 0.102 0.074 -46.9
0.555 0.183 0.262 -49.2
0.986 0.006 0.007 -42.5
0.842 0.077 0.081 -46.4
0.539 0.199 0.263 -49.3
0.556 0.233 0.211 -49.6
0.846 0.069 0.085 -46.5
0.954 0.019 0.027 -44.7
0.853 0.062 0.084 -46.6
0.709 0.110 0.181 -48.1
0.830 0.077 0.092 -46.6
0.712 0.142 0.146 -47.5
0.526 0.240 0.235 -49.2
0.781 0.118 0.100 -46.9
0.993 0.002 0.004 -42.5
0.955 0.018 0.027 -44.7
0.947 0.026 0.027 -44.5
0.949 0.027 0.024 -44.6
0.996 0.002 0.002 -41.0
0.552 0.180 0.269 -51.3
0.992 0.004 0.004 -41.8
0.975 0.014 0.010 -43.7
0.550 0.239 0.210 -49.6
0.585 0.176 0.239 -48.5
0.975 0.012 0.012 -43.3
0.992 0.004 0.004 -41.7
0.862 0.070 0.068 -46.2
0.995 0.001 0.003 -42.2
0.562 0.168 0.270 -50.1
0.974 0.012 0.014 -43.5
0.735 0.130 0.135 -47.3
0.854 0.065 0.081 -46.5
0.558 0.206 0.236 -49.9
0.995 0.002 0.004 -42.3
0.996 0.002 0.002 -41.2
0.998 0.001 0.001 -40.4
0.850 0.078 0.072 -46.3
0.557 0.198 0.246 -48.8
0.575 0.234 0.191 -51.4
0.986 0.007 0.008 -42.5
0.740 0.126 0.134 -47.2
0.868 0.068 0.063 -46.1
0.558 0.150 0.292 -51.4
0.977 0.008 0.014 -44.0
0.975 0.013 0.012 -43.3
0.557 0.254 0.189 -49.9
0.850 0.070 0.080 -46.3
0.538 0.241 0.221 -48.8
0.928 0.036 0.036 -45.2
0.927 0.036 0.037 -45.2
0.534 0.242 0.223 -50.5
0.543 0.227 0.231 -49.2
0.639 0.222 0.139 -48.5
0.645 0.166 0.188 -47.9
0.819 0.080 0.101 -46.7
0.925 0.031 0.044 -45.4
0.566 0.222 0.212 -48.3
0.680 0.122 0.198 -48.2
0.996 0.002 0.002 -40.9
0.980 0.010 0.010 -43.1
0.989 0.005 0.006 -42.2
0.974 0.012 0.014 -43.5
0.953 0.022 0.025 -44.4
0.962 0.017 0.021 -44.2
0.579 0.180 0.241 -48.5
0.623 0.166 0.212 -48.1
0.981 0.008 0.011 -43.2
0.997 0.002 0.002 -40.9
0.735 0.119 0.147 -47.4
0.967 0.015 0.018 -44.0
0.524 0.273 0.203 -49.1
0.551 0.174 0.275 -49.9
0.917 0.041 0.042 -45.3
0.538 0.197 0.265 -49.3
0.569 0.241 0.190 -51.4
0.696 0.147 0.158 -47.4
0.981 0.009 0.010 -43.0
0.993 0.004 0.004 -41.5
0.937 0.023 0.041 -45.7
0.945 0.018 0.037 -45.7
0.604 0.179 0.217 -48.1
0.810 0.092 0.098 -46.7
0.520 0.194 0.286 -49.9
0.527 0.239 0.234 -49.3
0.946 0.035 0.019 -45.4
0.999 0.000 0.000 -40.4
0.947 0.022 0.032 -45.0
0.978 0.010 0.012 -43.2
0.946 0.029 0.026 -44.7
0.996 0.002 0.002 -41.0
0.553 0.182 0.266 -51.0
0.989 0.005 0.007 -42.6
0.987 0.008 0.005 -42.8
0.884 0.057 0.059 -46.0
0.992 0.004 0.003 -42.1
0.963 0.018 0.019 -44.0
0.990 0.003 0.007 -42.9
0.562 0.167 0.270 -49.9
0.950 0.025 0.025 -44.5
0.539 0.251 0.210 -48.9
0.621 0.169 0.210 -48.2
0.552 0.210 0.238 -49.5
0.990 0.003 0.006 -42.9
0.996 0.002 0.002 -41.0
0.986 0.007 0.007 -42.5
0.998 0.001 0.001 -40.4
0.873 0.064 0.063 -46.1
0.555 0.222 0.223 -49.3
0.550 0.201 0.249 -50.0
0.982 0.008 0.010 -42.9
0.878 0.058 0.064 -46.0
0.755 0.110 0.135 -47.3
0.557 0.185 0.258 -50.1
0.978 0.009 0.013 -43.5
0.975 0.013 0.012 -43.3
0.989 0.006 0.005 -42.2
0.714 0.140 0.146 -47.3
0.987 0.006 0.007 -42.4
0.998 0.001 0.001 -40.2
0.552 0.235 0.213 -48.5
0.758 0.122 0.119 -47.2
0.534 0.242 0.223 -50.5
0.544 0.211 0.245 -49.7
0.797 0.088 0.115 -46.8
0.559 0.212 0.229 -48.5
0.568 0.193 0.239 -48.7
0.979 0.009 0.012 -43.4
0.542 0.182 0.276 -51.6
0.996 0.002 0.002 -41.0
0.983 0.009 0.009 -42.9
0.963 0.018 0.019 -43.9
0.579 0.134 0.287 -50.9
0.543 0.238 0.219 -49.3
0.970 0.014 0.016 -43.6
0.920 0.031 0.049 -45.8
0.547 0.189 0.265 -49.5
0.541 0.228 0.230 -51.3
0.899 0.054 0.047 -45.8
0.618 0.200 0.182 -47.9
0.997 0.002 0.002 -40.9
0.773 0.103 0.124 -47.1
0.560 0.229 0.212 -51.2
0.996 0.002 0.002 -41.0
0.524 0.264 0.213 -49.4
0.959 0.020 0.021 -44.2
0.711 0.180 0.110 -48.0
0.988 0.006 0.006 -42.4
0.957 0.021 0.021 -44.1
0.563 0.186 0.251 -48.5
0.560 0.236 0.204 -50.9
0.572 0.206 0.222 -48.2
0.978 0.011 0.011 -43.2
0.903 0.046 0.052 -45.7
0.990 0.005 0.005 -41.9
0.951 0.017 0.032 -45.3
0.988 0.004 0.008 -43.0
0.839 0.079 0.081 -46.5
0.756 0.109 0.135 -47.3
0.811 0.086 0.102 -46.8
0.541 0.184 0.275 -48.9
0.964 0.014 0.022 -44.6
0.839 0.079 0.082 -46.3
0.992 0.003 0.006 -42.8
0.989 0.005 0.006 -42.4
0.990 0.004 0.006 -42.3
0.919 0.040 0.040 -45.3
0.981 0.009 0.010 -43.0
0.968 0.012 0.020 -44.2
0.561 0.173 0.266 -50.1
0.997 0.002 0.002 -40.8
0.738 0.128 0.134 -47.3
0.557 0.201 0.242 -48.7
0.958 0.018 0.024 -44.6
0.934 0.030 0.036 -45.0
0.995 0.003 0.003 -41.3
0.987 0.007 0.007 -42.5
0.907 0.042 0.051 -45.7
0.623 0.178 0.198 -48.0
0.559 0.196 0.245 -51.3
0.691 0.146 0.163 -47.6
0.912 0.043 0.045 -45.5
0.545 0.220 0.235 -50.1
0.557 0.154 0.289 -51.0
0.955 0.019 0.026 -44.6
0.979 0.011 0.010 -43.0
0.615 0.188 0.197 -48.0
0.976 0.013 0.011 -43.3
0.717 0.139 0.144 -47.3
0.991 0.004 0.005 -41.9
0.731 0.155 0.114 -47.6
0.922 0.038 0.041 -45.3
0.534 0.298 0.168 -51.3
0.549 0.211 0.240 -51.9
0.541 0.210 0.249 -49.8
0.678 0.156 0.166 -47.7
0.571 0.192 0.237 -48.5
0.996 0.002 0.002 -40.9
0.570 0.227 0.203 -48.4
0.907 0.044 0.049 -45.4
0.836 0.092 0.072 -46.6
0.993 0.003 0.004 -41.9
0.545 0.186 0.269 -50.1
0.993 0.003 0.004 -41.6
0.918 0.040 0.043 -45.2
0.580 0.131 0.289 -51.2
0.833 0.075 0.092 -46.6
0.902 0.043 0.055 -45.8
0.541 0.227 0.232 -49.5
0.973 0.014 0.013 -43.5
0.523 0.242 0.235 -49.0
0.989 0.004 0.006 -42.5
0.921 0.035 0.044 -45.4
0.996 0.002 0.002 -41.0
0.517 0.321 0.162 -50.4
0.959 0.020 0.022 -44.1
0.993 0.004 0.004 -41.7
0.827 0.084 0.089 -46.6
0.810 0.082 0.108 -46.9
0.868 0.069 0.063 -46.1
0.942 0.029 0.029 -44.7
0.973 0.013 0.014 -43.6
0.936 0.027 0.036 -45.3
0.564 0.159 0.277 -49.1
0.545 0.166 0.289 -49.7
0.686 0.144 0.170 -47.7
0.541 0.226 0.233 -49.0
