0.185 0.626 0.189 -47.0
0.008 0.984 0.008 -41.6
0.211 0.407 0.382 -51.6
0.125 0.538 0.337 -50.7
0.012 0.977 0.012 -42.5
0.143 0.705 0.153 -46.4
0.204 0.413 0.383 -51.4
0.014 0.972 0.014 -42.7
0.169 0.668 0.163 -46.8
0.227 0.400 0.373 -49.1
0.190 0.434 0.376 -50.4
0.224 0.512 0.264 -47.7
0.004 0.993 0.003 -40.4
0.240 0.453 0.307 -48.3
0.004 0.993 0.003 -40.5
0.006 0.989 0.005 -41.4
0.226 0.385 0.388 -51.2
0.254 0.363 0.383 -51.6
0.003 0.995 0.002 -40.4
0.197 0.572 0.230 -47.1
0.246 0.370 0.384 -52.0
0.059 0.876 0.065 -45.2
0.262 0.369 0.368 -49.2
0.063 0.877 0.061 -44.5
0.006 0.989 0.005 -41.0
0.167 0.657 0.177 -47.0
0.217 0.408 0.375 -49.8
0.003 0.995 0.002 -40.2
0.246 0.447 0.306 -48.4
0.247 0.424 0.328 -48.5
0.237 0.508 0.254 -47.4
0.047 0.902 0.051 -44.3
0.024 0.953 0.023 -43.5
0.005 0.991 0.004 -40.6
0.012 0.975 0.012 -41.9
0.005 0.992 0.003 -40.9
0.208 0.570 0.222 -46.9
0.177 0.447 0.376 -49.8
0.111 0.771 0.118 -45.7
0.280 0.461 0.259 -47.7
0.266 0.405 0.329 -48.5
0.192 0.425 0.383 -51.5
0.211 0.403 0.386 -51.5
0.037 0.928 0.035 -44.1
0.051 0.896 0.052 -44.5
0.038 0.923 0.040 -43.8
0.027 0.943 0.030 -43.6
0.188 0.462 0.351 -51.8
0.205 0.409 0.387 -50.8
0.251 0.488 0.261 -47.5
0.104 0.790 0.105 -45.3
0.206 0.419 0.375 -50.3
0.047 0.906 0.046 -44.2
0.237 0.378 0.385 -51.9
0.016 0.968 0.016 -43.1
0.193 0.446 0.362 -49.8
0.269 0.432 0.300 -48.5
0.068 0.859 0.074 -45.6
0.004 0.992 0.004 -40.4
0.127 0.769 0.103 -45.7
0.027 0.948 0.026 -43.4
0.026 0.950 0.025 -43.5
0.249 0.445 0.306 -48.2
0.015 0.969 0.016 -42.5
0.053 0.893 0.054 -44.5
0.054 0.888 0.058 -44.7
0.234 0.385 0.380 -49.2
0.025 0.947 0.028 -44.2
0.170 0.475 0.355 -49.6
0.013 0.974 0.013 -42.1
0.008 0.984 0.008 -41.3
0.247 0.374 0.379 -50.5
0.032 0.935 0.034 -43.7
0.065 0.879 0.057 -44.8
0.210 0.405 0.385 -49.7
0.060 0.877 0.063 -44.6
0.005 0.990 0.005 -40.9
0.132 0.725 0.143 -46.8
0.020 0.959 0.020 -42.7
0.040 0.924 0.036 -43.8
0.201 0.589 0.210 -46.7
0.267 0.410 0.323 -51.5
0.071 0.860 0.069 -45.3
0.007 0.987 0.006 -41.5
0.251 0.470 0.279 -47.4
0.010 0.981 0.009 -42.0
0.008 0.986 0.007 -41.1
0.010 0.981 0.009 -41.7
0.180 0.447 0.372 -49.3
0.195 0.427 0.378 -50.1
0.188 0.446 0.366 -49.2
0.002 0.996 0.001 -40.1
0.045 0.909 0.045 -44.3
0.042 0.917 0.040 -43.9
0.023 0.953 0.024 -43.3
0.172 0.657 0.172 -46.8
0.098 0.798 0.104 -45.6
0.094 0.805 0.101 -46.2
0.053 0.894 0.054 -44.7
0.242 0.389 0.369 -49.1
0.259 0.477 0.264 -47.8
0.017 0.965 0.018 -42.7
0.244 0.408 0.348 -48.6
0.217 0.461 0.322 -48.6
0.191 0.594 0.216 -47.8
0.156 0.692 0.151 -46.7
0.192 0.434 0.374 -49.1
0.043 0.910 0.047 -44.1
0.005 0.991 0.004 -40.7
0.018 0.963 0.018 -43.1
0.204 0.413 0.383 -49.5
0.258 0.399 0.342 -48.8
0.024 0.952 0.024 -43.6
0.234 0.474 0.292 -48.2
0.101 0.785 0.114 -46.2
0.075 0.852 0.073 -44.8
0.198 0.418 0.385 -49.8
0.296 0.352 0.352 -51.7
0.189 0.439 0.373 -48.8
0.196 0.410 0.394 -50.2
0.173 0.434 0.392 -50.3
0.050 0.895 0.055 -44.4
0.024 0.953 0.023 -43.5
0.027 0.947 0.027 -43.3
0.168 0.657 0.175 -46.5
0.167 0.461 0.372 -50.3
0.139 0.714 0.147 -46.1
0.287 0.426 0.288 -48.3
0.229 0.524 0.247 -47.0
0.057 0.882 0.061 -44.6
0.036 0.925 0.039 -43.8
0.155 0.674 0.171 -46.5
0.200 0.423 0.377 -49.3
0.254 0.404 0.342 -48.7
0.093 0.811 0.096 -45.2
0.169 0.458 0.374 -50.5
0.052 0.896 0.052 -44.4
0.191 0.427 0.382 -51.1
0.056 0.884 0.060 -45.0
0.182 0.456 0.363 -50.0
0.065 0.866 0.069 -45.5
0.015 0.969 0.016 -42.3
0.016 0.970 0.014 -42.6
0.059 0.882 0.059 -44.8
0.193 0.596 0.211 -46.7
0.015 0.970 0.015 -42.4
0.030 0.938 0.032 -43.8
0.240 0.380 0.379 -49.7
0.014 0.970 0.016 -44.3
0.163 0.495 0.342 -50.2
0.005 0.990 0.004 -40.7
0.067 0.860 0.073 -44.9
0.070 0.869 0.061 -44.9
0.262 0.462 0.276 -47.6
0.204 0.570 0.226 -47.3
0.024 0.953 0.024 -43.0
0.175 0.650 0.176 -46.3
0.207 0.578 0.215 -46.8
0.208 0.571 0.221 -46.7
0.059 0.878 0.063 -44.6
0.176 0.459 0.365 -49.5
0.183 0.435 0.382 -50.0
0.188 0.446 0.366 -49.2
0.048 0.903 0.050 -44.3
0.019 0.959 0.022 -43.1
0.158 0.684 0.158 -46.7
0.026 0.948 0.026 -43.5
0.231 0.394 0.374 -48.9
0.142 0.705 0.153 -46.0
0.016 0.968 0.016 -42.5
0.239 0.400 0.360 -48.8
0.182 0.483 0.335 -51.4
0.129 0.741 0.130 -46.4
0.195 0.421 0.384 -49.7
0.251 0.410 0.339 -48.7
0.218 0.519 0.263 -47.9
0.017 0.967 0.017 -42.4
0.008 0.985 0.007 -41.3
0.220 0.398 0.382 -49.1
0.236 0.376 0.388 -51.4
0.049 0.897 0.054 -44.4
0.139 0.543 0.318 -51.0
0.142 0.699 0.160 -46.3
0.226 0.559 0.215 -47.1
0.086 0.826 0.088 -45.1
0.007 0.988 0.006 -41.1
0.205 0.583 0.212 -46.7
0.014 0.974 0.012 -42.2
0.251 0.464 0.285 -48.2
0.237 0.522 0.241 -47.3
0.029 0.940 0.031 -44.0
0.004 0.993 0.003 -40.7
0.217 0.548 0.235 -47.1
0.294 0.417 0.289 -48.3
0.266 0.405 0.329 -48.5
0.061 0.882 0.057 -45.0
0.046 0.909 0.045 -44.1
0.018 0.963 0.018 -42.8
0.045 0.899 0.056 -44.9
0.200 0.421 0.379 -49.2
0.221 0.398 0.381 -49.1
0.035 0.930 0.035 -43.5
0.268 0.433 0.299 -47.9
0.012 0.979 0.010 -42.1
0.248 0.366 0.385 -50.4
0.009 0.982 0.009 -42.6
0.239 0.485 0.275 -48.2
0.065 0.867 0.068 -45.5
0.203 0.617 0.180 -46.7
0.042 0.918 0.040 -44.3
0.023 0.956 0.021 -43.1
0.243 0.475 0.283 -48.1
0.003 0.995 0.002 -40.0
0.069 0.864 0.067 -45.0
0.230 0.516 0.254 -47.5
0.243 0.372 0.386 -50.6
0.183 0.450 0.367 -50.0
0.011 0.979 0.010 -41.7
0.004 0.992 0.003 -40.3
0.275 0.378 0.348 -48.9
0.064 0.867 0.069 -44.8
0.198 0.420 0.382 -49.4
0.055 0.888 0.057 -44.4
0.155 0.675 0.170 -47.0
0.004 0.993 0.003 -40.4
0.121 0.762 0.117 -45.7
0.262 0.407 0.331 -51.4
0.082 0.837 0.081 -45.5
0.004 0.992 0.003 -41.0
0.215 0.557 0.228 -46.8
0.233 0.489 0.277 -48.1
0.191 0.424 0.385 -50.1
0.206 0.562 0.233 -47.2
0.050 0.902 0.049 -44.5
0.037 0.928 0.035 -43.7
0.234 0.513 0.253 -47.3
0.082 0.832 0.086 -45.9
0.262 0.408 0.330 -48.5
0.253 0.369 0.378 -50.7
0.017 0.965 0.018 -42.7
0.247 0.474 0.278 -47.7
0.124 0.531 0.345 -50.5
0.072 0.849 0.079 -45.2
0.202 0.415 0.383 -51.8
0.043 0.911 0.047 -44.2
0.207 0.421 0.372 -49.2
0.191 0.435 0.375 -49.5
0.145 0.572 0.284 -50.4
0.004 0.993 0.003 -40.4
0.225 0.538 0.237 -47.0
0.024 0.951 0.024 -43.6
0.216 0.528 0.256 -47.5
0.134 0.710 0.156 -46.2
0.242 0.380 0.378 -49.7
0.087 0.823 0.090 -45.1
0.227 0.511 0.262 -47.9
0.268 0.432 0.299 -48.0
0.054 0.896 0.050 -44.6
0.253 0.432 0.314 -48.4
0.039 0.919 0.041 -44.2
0.028 0.945 0.027 -43.8
0.018 0.965 0.018 -42.5
0.020 0.960 0.020 -42.7
0.009 0.983 0.008 -41.9
0.239 0.473 0.288 -47.9
0.317 0.355 0.328 -48.9
0.217 0.401 0.382 -50.0
0.210 0.408 0.382 -49.1
0.211 0.402 0.387 -51.8
0.029 0.942 0.029 -43.7
0.016 0.967 0.016 -42.4
0.041 0.915 0.044 -44.1
0.200 0.422 0.377 -49.3
0.213 0.409 0.378 -51.9
0.250 0.390 0.360 -49.0
0.027 0.950 0.024 -43.0
0.206 0.419 0.375 -50.3
0.028 0.948 0.025 -43.5
0.245 0.372 0.383 -51.9
0.026 0.946 0.028 -43.6
0.139 0.706 0.156 -47.1
0.026 0.947 0.027 -43.2
0.030 0.940 0.030 -43.6
0.109 0.776 0.115 -45.6
0.064 0.869 0.068 -44.9
0.264 0.362 0.373 -49.6
0.016 0.968 0.016 -42.4
0.004 0.993 0.003 -40.3
0.264 0.411 0.325 -48.4
0.071 0.857 0.072 -45.4
0.040 0.926 0.034 -44.0
0.205 0.411 0.383 -49.8
0.182 0.621 0.197 -46.6
0.019 0.960 0.021 -42.9
0.235 0.489 0.277 -47.8
0.036 0.935 0.029 -43.6
0.182 0.634 0.185 -46.5
0.242 0.402 0.356 -50.7
0.045 0.907 0.048 -44.3
0.167 0.658 0.175 -46.2
0.010 0.982 0.008 -41.9
0.040 0.918 0.042 -43.8
0.036 0.927 0.037 -43.8
0.207 0.548 0.246 -47.5
0.212 0.412 0.376 -50.3
0.049 0.904 0.047 -44.2
0.019 0.959 0.022 -43.1
0.054 0.888 0.058 -45.2
0.082 0.832 0.086 -45.9
0.055 0.889 0.056 -44.8
0.264 0.436 0.301 -48.1
0.275 0.389 0.336 -48.6
0.012 0.977 0.012 -42.0
0.198 0.420 0.382 -49.2
0.037 0.924 0.039 -44.5
0.198 0.578 0.224 -47.1
0.202 0.415 0.383 -51.8
0.220 0.393 0.386 -51.6
0.191 0.440 0.369 -50.4
0.050 0.892 0.058 -45.0
0.012 0.976 0.011 -41.9
0.004 0.992 0.003 -41.0
0.272 0.428 0.299 -48.1
0.239 0.370 0.391 -50.2
0.027 0.945 0.027 -43.8
0.210 0.546 0.244 -47.5
0.092 0.811 0.098 -45.7
0.098 0.801 0.101 -45.3
0.006 0.988 0.006 -41.0
0.161 0.667 0.172 -46.9
0.007 0.987 0.006 -41.1
0.218 0.541 0.241 -47.4
0.215 0.405 0.381 -50.4
0.111 0.772 0.117 -45.6
0.045 0.908 0.047 -44.4
0.024 0.952 0.024 -43.6
0.024 0.951 0.025 -43.1
0.169 0.655 0.176 -46.5
0.212 0.554 0.234 -47.0
0.246 0.383 0.372 -51.3
0.200 0.419 0.381 -49.2
0.055 0.886 0.059 -44.5
0.110 0.772 0.118 -45.9
0.201 0.421 0.378 -49.2
0.259 0.481 0.260 -47.9
0.219 0.405 0.375 -49.2
0.007 0.987 0.006 -41.0
0.195 0.424 0.381 -50.0
0.054 0.888 0.058 -44.9
0.229 0.519 0.252 -47.6
0.232 0.392 0.376 -49.2
0.064 0.869 0.067 -45.5
0.025 0.949 0.026 -43.1
0.070 0.867 0.063 -44.9
0.106 0.793 0.100 -45.8
0.080 0.835 0.085 -45.3
0.146 0.694 0.160 -46.2
0.096 0.802 0.101 -45.5
0.031 0.937 0.032 -44.2
0.261 0.366 0.373 -49.0
0.163 0.452 0.385 -50.1
0.009 0.982 0.009 -41.4
0.179 0.440 0.381 -49.7
0.072 0.856 0.073 -45.4
0.020 0.964 0.017 -42.8
0.251 0.366 0.383 -51.2
0.177 0.633 0.190 -46.6
0.004 0.992 0.004 -40.5
0.042 0.912 0.046 -44.9
0.172 0.666 0.162 -46.3
0.241 0.386 0.373 -48.9
0.247 0.404 0.349 -51.2
0.115 0.768 0.117 -46.0
0.020 0.960 0.020 -42.9
0.130 0.734 0.136 -45.8
0.022 0.958 0.020 -43.1
0.016 0.968 0.016 -42.5
0.068 0.862 0.070 -44.9
0.230 0.494 0.276 -48.0
0.222 0.423 0.356 -48.7
0.045 0.912 0.043 -44.1
0.070 0.853 0.077 -45.2
0.255 0.422 0.323 -48.3
0.086 0.819 0.095 -46.1
0.052 0.898 0.050 -44.8
0.208 0.583 0.209 -47.2
0.010 0.980 0.010 -41.9
0.169 0.454 0.377 -50.7
0.012 0.975 0.012 -42.6
0.217 0.480 0.303 -48.7
0.014 0.973 0.014 -42.7
0.170 0.428 0.402 -50.1
0.191 0.439 0.370 -50.7
0.105 0.779 0.116 -46.2
0.003 0.994 0.003 -40.2
0.237 0.468 0.295 -48.1
0.003 0.994 0.002 -40.2
0.004 0.992 0.003 -40.9
0.276 0.395 0.329 -48.5
0.287 0.431 0.283 -47.9
0.013 0.975 0.013 -42.7
0.131 0.720 0.150 -46.4
0.120 0.756 0.124 -45.6
0.227 0.514 0.259 -47.9
0.260 0.417 0.323 -48.3
0.095 0.803 0.102 -45.4
0.006 0.988 0.005 -41.2
0.014 0.972 0.014 -42.1
0.028 0.944 0.028 -43.2
0.014 0.972 0.014 -42.7
0.180 0.629 0.191 -46.6
0.172 0.447 0.381 -49.7
0.251 0.448 0.301 -48.0
0.270 0.466 0.264 -47.7
0.253 0.417 0.330 -48.4
0.191 0.428 0.380 -50.8
0.046 0.907 0.046 -44.3
0.010 0.980 0.010 -41.6
0.048 0.900 0.051 -44.2
0.109 0.773 0.118 -45.9
0.262 0.433 0.306 -48.2
0.211 0.414 0.375 -51.9
0.262 0.466 0.272 -47.3
0.202 0.416 0.382 -49.5
0.012 0.977 0.011 -42.2
0.246 0.371 0.383 -51.9
0.252 0.415 0.333 -48.6
0.236 0.394 0.370 -49.4
0.043 0.912 0.045 -44.5
0.018 0.963 0.019 -42.6
0.295 0.457 0.247 -47.7
0.062 0.879 0.059 -44.6
0.041 0.916 0.043 -44.3
0.211 0.405 0.383 -50.5
0.009 0.982 0.009 -41.6
0.072 0.848 0.080 -45.7
0.026 0.945 0.028 -43.9
0.182 0.630 0.188 -46.5
0.020 0.958 0.022 -43.9
0.005 0.992 0.004 -40.5
0.037 0.926 0.037 -43.7
0.231 0.520 0.250 -47.1
0.059 0.879 0.062 -45.2
0.191 0.431 0.379 -50.0
0.118 0.763 0.120 -45.8
0.020 0.960 0.020 -43.3
0.101 0.797 0.102 -45.3
0.209 0.576 0.216 -47.0
0.241 0.388 0.370 -48.9
0.105 0.789 0.106 -45.9
0.038 0.923 0.040 -44.0
0.169 0.653 0.178 -46.3
0.013 0.976 0.011 -42.2
0.009 0.982 0.009 -41.4
0.027 0.945 0.027 -43.4
0.222 0.413 0.365 -48.8
0.214 0.412 0.374 -50.2
0.021 0.958 0.021 -43.0
0.052 0.897 0.051 -44.5
0.041 0.918 0.041 -43.9
0.036 0.925 0.039 -44.2
0.203 0.582 0.215 -47.1
0.107 0.778 0.115 -45.7
0.255 0.467 0.277 -47.8
0.065 0.870 0.066 -45.3
0.258 0.447 0.295 -48.0
0.166 0.458 0.376 -50.9
0.221 0.516 0.263 -47.6
0.039 0.918 0.043 -44.0
0.120 0.760 0.120 -46.3
0.192 0.439 0.369 -50.6
0.119 0.736 0.145 -47.1
0.004 0.993 0.003 -40.3
0.005 0.991 0.004 -40.7
0.277 0.385 0.338 -48.6
0.261 0.370 0.369 -49.0
0.202 0.581 0.217 -47.2
0.130 0.737 0.133 -45.9
0.008 0.985 0.007 -41.3
0.197 0.589 0.214 -47.5
0.232 0.384 0.384 -49.6
0.196 0.595 0.209 -47.3
0.211 0.407 0.382 -49.7
0.224 0.388 0.388 -49.3
0.012 0.977 0.011 -42.2
0.034 0.931 0.035 -43.5
0.022 0.957 0.021 -43.1
0.260 0.461 0.279 -48.1
0.196 0.429 0.375 -49.6
0.225 0.528 0.247 -47.1
0.294 0.417 0.289 -48.3
0.258 0.456 0.286 -47.7
0.035 0.932 0.033 -44.0
0.008 0.985 0.007 -41.1
0.049 0.897 0.054 -44.4
0.235 0.490 0.275 -47.6
0.243 0.396 0.361 -49.0
0.256 0.498 0.246 -47.1
0.207 0.411 0.383 -49.6
0.022 0.959 0.019 -43.1
0.276 0.434 0.290 -47.9
0.195 0.597 0.208 -46.8
0.234 0.489 0.278 -48.0
0.215 0.597 0.188 -46.8
0.024 0.954 0.022 -43.1
0.043 0.912 0.045 -44.3
0.209 0.409 0.383 -50.2
0.009 0.983 0.008 -41.5
0.254 0.483 0.262 -47.4
0.002 0.997 0.001 -40.7
0.170 0.451 0.379 -49.3
0.158 0.679 0.163 -46.2
0.230 0.522 0.248 -47.1
0.011 0.980 0.009 -41.8
0.197 0.429 0.374 -50.1
0.022 0.956 0.022 -42.8
0.005 0.990 0.005 -40.9
0.038 0.919 0.042 -44.8
0.147 0.701 0.152 -46.0
0.241 0.507 0.253 -47.5
0.310 0.375 0.315 -48.5
0.199 0.585 0.216 -46.9
0.105 0.782 0.113 -45.7
0.055 0.888 0.057 -44.4
0.010 0.981 0.009 -41.4
0.024 0.953 0.023 -43.1
0.172 0.450 0.378 -49.4
0.214 0.412 0.374 -50.2
0.076 0.843 0.081 -45.0
0.135 0.721 0.144 -45.9
0.046 0.908 0.046 -44.4
0.032 0.936 0.032 -43.5
0.148 0.692 0.160 -46.6
0.116 0.762 0.122 -45.8
0.167 0.662 0.172 -46.4
0.203 0.581 0.216 -46.9
0.056 0.882 0.062 -44.7
0.018 0.965 0.018 -42.7
0.207 0.562 0.231 -47.2
0.257 0.422 0.320 -48.3
0.082 0.826 0.092 -45.2
0.219 0.390 0.390 -49.3
0.090 0.810 0.100 -45.4
0.004 0.992 0.003 -40.4
0.241 0.462 0.297 -48.2
0.007 0.987 0.006 -41.3
0.218 0.388 0.394 -49.8
0.245 0.368 0.387 -50.3
0.057 0.880 0.062 -44.6
0.164 0.493 0.343 -50.7
0.223 0.396 0.381 -49.6
0.096 0.807 0.098 -46.0
0.116 0.765 0.119 -45.8
0.004 0.993 0.003 -40.4
0.125 0.743 0.133 -46.5
0.257 0.372 0.371 -51.7
0.171 0.644 0.185 -46.9
0.215 0.398 0.387 -50.4
0.099 0.795 0.106 -45.5
0.008 0.985 0.007 -41.6
0.005 0.991 0.004 -40.6
0.091 0.819 0.090 -45.2
0.256 0.468 0.276 -48.0
0.194 0.430 0.377 -49.6
0.249 0.425 0.327 -48.4
0.165 0.667 0.168 -46.4
0.210 0.403 0.387 -51.4
0.035 0.930 0.035 -43.7
0.015 0.971 0.015 -42.2
0.069 0.854 0.076 -45.0
0.040 0.917 0.043 -44.1
0.252 0.393 0.355 -48.8
0.238 0.508 0.254 -47.8
0.176 0.645 0.179 -46.3
0.042 0.920 0.038 -44.2
0.229 0.388 0.383 -50.0
0.065 0.862 0.073 -45.6
0.104 0.784 0.112 -45.6
0.051 0.894 0.055 -45.1
0.027 0.946 0.028 -43.2
0.087 0.823 0.089 -45.4
0.166 0.462 0.372 -50.4
0.062 0.870 0.068 -45.5
0.043 0.911 0.046 -44.8
0.140 0.715 0.145 -46.1
0.028 0.944 0.028 -43.2
0.066 0.865 0.068 -45.0
0.069 0.858 0.073 -45.1
0.189 0.430 0.380 -50.3
0.024 0.953 0.024 -42.8
0.003 0.994 0.003 -40.8
0.017 0.967 0.016 -42.5
0.085 0.828 0.087 -45.0
0.193 0.619 0.188 -47.1
0.260 0.399 0.341 -48.6
0.029 0.941 0.029 -43.8
0.036 0.928 0.036 -44.0
0.029 0.943 0.028 -43.6
0.061 0.876 0.063 -44.7
0.081 0.832 0.087 -45.1
0.017 0.966 0.017 -43.0
0.048 0.905 0.047 -44.4
0.018 0.968 0.015 -42.5
0.040 0.914 0.046 -44.4
0.256 0.438 0.305 -48.1
0.071 0.854 0.074 -45.4
0.038 0.921 0.041 -44.0
0.027 0.944 0.028 -43.3
0.172 0.650 0.178 -46.5
0.109 0.775 0.117 -45.8
0.003 0.995 0.002 -40.2
0.191 0.593 0.216 -47.0
0.255 0.421 0.324 -48.3
0.239 0.497 0.264 -47.3
0.146 0.708 0.147 -46.7
0.208 0.396 0.395 -50.5
0.240 0.490 0.270 -48.1
0.216 0.471 0.314 -48.7
0.003 0.994 0.003 -40.3
0.220 0.531 0.249 -47.2
0.004 0.993 0.003 -40.5
0.266 0.433 0.301 -48.0
0.230 0.496 0.274 -47.5
0.005 0.991 0.004 -41.4
0.188 0.443 0.369 -49.4
0.225 0.388 0.387 -50.0
0.099 0.799 0.102 -45.7
0.113 0.765 0.121 -46.1
0.144 0.704 0.151 -46.5
0.195 0.421 0.384 -49.4
0.007 0.988 0.005 -41.3
0.229 0.395 0.377 -49.2
0.193 0.429 0.378 -51.0
0.249 0.451 0.301 -48.1
0.271 0.480 0.248 -47.7
0.107 0.785 0.108 -46.0
0.211 0.401 0.388 -51.5
0.077 0.838 0.085 -45.2
0.079 0.836 0.085 -45.1
0.218 0.403 0.379 -49.4
0.193 0.618 0.188 -46.5
0.253 0.482 0.266 -47.3
0.196 0.447 0.357 -49.2
0.234 0.395 0.370 -49.5
0.017 0.966 0.017 -42.5
0.285 0.476 0.238 -47.5
0.054 0.896 0.051 -44.6
0.217 0.399 0.384 -50.6
0.039 0.919 0.043 -44.0
0.006 0.989 0.005 -41.7
0.145 0.704 0.151 -46.2
0.019 0.963 0.018 -42.6
0.043 0.913 0.044 -44.1
0.063 0.869 0.068 -44.8
0.010 0.980 0.010 -41.5
0.005 0.989 0.005 -41.0
0.035 0.931 0.035 -43.6
0.091 0.812 0.096 -45.2
0.303 0.409 0.288 -48.1
0.230 0.539 0.231 -47.3
0.155 0.680 0.165 -46.1
0.125 0.744 0.131 -45.8
0.273 0.388 0.340 -48.6
0.228 0.408 0.364 -51.3
0.186 0.611 0.203 -46.6
0.051 0.900 0.049 -44.6
0.063 0.880 0.057 -44.7
0.040 0.914 0.046 -44.4
0.220 0.416 0.363 -50.4
0.059 0.880 0.061 -45.1
0.078 0.843 0.080 -45.3
0.240 0.424 0.336 -48.6
0.002 0.996 0.002 -40.2
0.228 0.519 0.252 -47.6
0.241 0.474 0.286 -48.0
0.011 0.979 0.010 -42.3
0.252 0.433 0.315 -48.5
0.219 0.397 0.384 -49.7
0.113 0.762 0.125 -45.9
0.080 0.840 0.079 -45.5
0.191 0.438 0.370 -50.8
0.045 0.909 0.046 -44.1
0.007 0.987 0.006 -41.2
0.011 0.977 0.011 -41.9
0.078 0.840 0.081 -44.9
0.246 0.366 0.388 -50.2
0.164 0.524 0.313 -51.3
0.085 0.828 0.087 -45.8
0.154 0.692 0.154 -46.5
0.095 0.808 0.097 -45.6
0.007 0.987 0.006 -41.3
0.260 0.385 0.355 -48.8
0.004 0.994 0.003 -40.3
0.248 0.482 0.270 -47.6
0.012 0.977 0.011 -42.0
0.017 0.965 0.017 -42.8
0.026 0.948 0.027 -43.1
0.211 0.411 0.378 -50.6
0.223 0.409 0.369 -48.9
0.271 0.481 0.247 -47.7
0.163 0.669 0.168 -46.4
0.037 0.925 0.038 -43.9
0.079 0.837 0.085 -45.1
0.226 0.405 0.369 -51.3
0.280 0.452 0.268 -47.6
0.206 0.413 0.381 -49.4
0.156 0.682 0.162 -46.3
0.006 0.987 0.007 -42.3
0.055 0.886 0.059 -45.3
0.033 0.933 0.034 -43.6
0.275 0.488 0.237 -47.4
0.055 0.894 0.052 -44.6
0.056 0.888 0.057 -44.7
0.203 0.418 0.380 -50.8
0.013 0.974 0.014 -42.2
0.098 0.809 0.093 -45.6
0.023 0.951 0.026 -43.5
0.177 0.442 0.381 -50.7
0.031 0.936 0.032 -43.4
0.262 0.457 0.281 -47.7
0.045 0.908 0.047 -44.2
0.043 0.919 0.037 -44.1
0.193 0.429 0.378 -50.1
0.005 0.991 0.004 -41.3
0.106 0.785 0.110 -45.5
0.279 0.457 0.263 -47.5
0.245 0.506 0.249 -47.2
0.030 0.940 0.030 -43.9
0.036 0.928 0.036 -44.0
0.171 0.650 0.179 -46.3
0.005 0.992 0.004 -40.7
0.234 0.497 0.268 -47.7
0.072 0.851 0.077 -45.0
0.018 0.965 0.018 -42.5
0.051 0.901 0.047 -44.3
0.033 0.929 0.038 -44.1
0.208 0.420 0.371 -50.2
0.064 0.867 0.069 -45.3
0.045 0.910 0.044 -44.5
0.073 0.851 0.076 -45.2
0.224 0.441 0.335 -48.7
0.163 0.465 0.372 -50.6
0.009 0.983 0.009 -42.1
0.223 0.393 0.384 -50.5
0.105 0.776 0.119 -45.8
0.194 0.419 0.386 -50.5
0.245 0.451 0.304 -48.2
0.182 0.617 0.200 -46.9
0.004 0.993 0.003 -40.3
0.091 0.808 0.101 -45.5
0.017 0.967 0.016 -42.6
0.006 0.988 0.005 -41.2
0.258 0.456 0.286 -47.6
0.256 0.485 0.259 -47.6
0.006 0.989 0.005 -41.7
0.246 0.371 0.383 -51.6
0.121 0.747 0.132 -46.0
0.275 0.401 0.325 -48.5
0.133 0.742 0.126 -46.2
0.026 0.948 0.026 -43.1
0.261 0.383 0.356 -48.9
0.003 0.994 0.002 -40.0
0.114 0.761 0.125 -45.8
0.216 0.399 0.385 -50.9
0.164 0.659 0.177 -46.3
0.067 0.863 0.071 -44.7
0.030 0.941 0.030 -43.6
0.251 0.475 0.274 -47.5
0.222 0.409 0.369 -48.9
0.238 0.522 0.240 -47.1
0.185 0.433 0.382 -49.5
0.022 0.956 0.022 -42.9
0.041 0.917 0.042 -44.0
0.031 0.935 0.034 -43.7
0.034 0.931 0.036 -43.9
0.245 0.394 0.361 -49.0
0.250 0.477 0.273 -47.4
0.222 0.396 0.382 -50.5
0.066 0.862 0.072 -45.6
0.160 0.689 0.150 -46.2
0.168 0.660 0.172 -46.4
0.078 0.840 0.081 -45.2
0.065 0.864 0.072 -45.6
0.067 0.859 0.075 -45.3
0.004 0.992 0.004 -40.5
0.169 0.656 0.175 -46.4
0.041 0.915 0.044 -44.1
0.074 0.855 0.072 -44.9
0.211 0.407 0.382 -50.8
0.020 0.960 0.020 -42.6
0.028 0.942 0.030 -43.4
0.005 0.990 0.005 -41.2
0.028 0.943 0.028 -43.3
0.271 0.444 0.285 -47.7
0.272 0.447 0.282 -48.2
0.026 0.949 0.025 -43.6
0.077 0.840 0.083 -45.1
0.018 0.966 0.017 -42.9
0.007 0.988 0.006 -41.1
0.180 0.440 0.381 -49.2
0.227 0.412 0.361 -51.9
0.158 0.675 0.167 -46.3
0.019 0.963 0.018 -42.9
0.041 0.915 0.045 -44.2
0.069 0.861 0.070 -45.1
0.060 0.878 0.062 -45.2
0.090 0.814 0.096 -45.6
0.003 0.994 0.003 -40.3
0.164 0.461 0.375 -50.4
0.171 0.450 0.379 -50.6
0.011 0.979 0.010 -42.4
0.060 0.870 0.070 -44.9
0.096 0.798 0.106 -45.6
0.213 0.395 0.392 -52.0
0.213 0.543 0.244 -47.2
0.175 0.627 0.198 -46.7
0.217 0.551 0.233 -46.9
0.014 0.973 0.013 -42.3
0.215 0.558 0.227 -46.7
0.183 0.636 0.180 -46.7
0.015 0.970 0.015 -42.9
0.215 0.548 0.237 -47.2
0.238 0.376 0.386 -50.9
0.271 0.380 0.349 -48.7
0.136 0.722 0.141 -46.0
0.186 0.411 0.403 -50.1
0.267 0.445 0.287 -47.7
0.120 0.753 0.127 -46.0
0.225 0.394 0.381 -49.6
0.214 0.555 0.230 -46.9
0.028 0.943 0.029 -43.2
0.145 0.702 0.153 -46.0
0.048 0.902 0.050 -44.9
0.228 0.524 0.248 -47.4
0.216 0.411 0.374 -49.0
0.312 0.416 0.272 -48.1
0.155 0.686 0.159 -46.3
0.210 0.410 0.380 -49.2
0.194 0.425 0.381 -51.0
0.008 0.984 0.008 -42.0
0.012 0.978 0.010 -42.0
0.076 0.841 0.083 -45.2
0.053 0.890 0.057 -44.4
0.216 0.566 0.217 -46.8
0.089 0.813 0.097 -46.0
0.243 0.387 0.370 -49.4
0.110 0.770 0.120 -46.2
0.002 0.996 0.002 -40.1
0.260 0.464 0.276 -47.4
0.133 0.735 0.132 -46.1
0.185 0.628 0.188 -46.8
0.217 0.399 0.384 -50.5
0.017 0.964 0.019 -42.7
0.113 0.764 0.123 -46.1
0.149 0.711 0.140 -46.2
0.014 0.970 0.015 -42.4
0.226 0.432 0.343 -48.8
0.037 0.925 0.038 -43.7
0.029 0.941 0.030 -43.3
0.254 0.475 0.271 -47.6
0.004 0.993 0.003 -40.7
0.010 0.982 0.008 -41.8
0.023 0.955 0.023 -42.8
0.007 0.988 0.005 -41.4
0.215 0.577 0.208 -46.6
0.239 0.516 0.245 -47.1
0.080 0.835 0.084 -45.3
0.023 0.952 0.025 -43.2
0.271 0.420 0.308 -48.2
0.184 0.625 0.190 -46.6
0.005 0.990 0.004 -40.9
0.187 0.440 0.374 -49.6
0.217 0.413 0.370 -50.6
0.258 0.455 0.286 -48.0
0.049 0.901 0.050 -44.4
0.032 0.936 0.032 -43.8
0.065 0.877 0.058 -44.6
0.044 0.909 0.047 -44.9
0.217 0.417 0.366 -50.3
0.064 0.869 0.066 -45.5
0.082 0.829 0.089 -46.0
0.195 0.594 0.211 -46.7
0.114 0.760 0.126 -45.8
0.003 0.995 0.002 -40.1
0.162 0.467 0.371 -50.7
0.024 0.951 0.025 -43.3
0.227 0.393 0.380 -50.0
0.089 0.812 0.100 -46.0
0.060 0.879 0.061 -44.8
0.180 0.446 0.374 -51.1
0.226 0.510 0.264 -47.7
0.056 0.885 0.059 -44.7
0.015 0.971 0.014 -42.3
0.007 0.987 0.006 -41.4
0.265 0.442 0.292 -47.8
0.256 0.485 0.259 -47.6
0.075 0.843 0.082 -45.3
0.230 0.392 0.379 -49.2
0.203 0.435 0.363 -49.5
0.061 0.874 0.065 -44.7
0.006 0.989 0.005 -41.0
0.271 0.403 0.326 -48.6
0.243 0.384 0.373 -51.0
0.109 0.774 0.117 -46.2
0.225 0.393 0.382 -49.4
0.202 0.415 0.383 -49.5
0.066 0.865 0.069 -44.7
0.013 0.975 0.012 -42.1
0.088 0.823 0.089 -45.2
0.047 0.905 0.048 -44.9
0.213 0.549 0.239 -47.1
0.248 0.483 0.269 -47.4
0.251 0.479 0.270 -47.3
0.078 0.845 0.077 -45.1
0.210 0.403 0.388 -51.2
0.053 0.896 0.051 -44.4
0.078 0.835 0.087 -45.3
0.237 0.468 0.295 -48.0
0.226 0.405 0.369 -51.3
0.249 0.513 0.238 -47.3
0.230 0.387 0.383 -51.6
0.221 0.400 0.380 -49.6
0.093 0.805 0.102 -45.9
0.193 0.610 0.197 -47.3
0.138 0.712 0.150 -46.6
0.272 0.378 0.351 -49.3
0.158 0.677 0.166 -46.5
0.220 0.396 0.384 -50.5
0.068 0.856 0.076 -45.6
0.309 0.387 0.304 -48.4
0.007 0.986 0.007 -41.7
0.197 0.599 0.204 -46.9
0.006 0.989 0.005 -40.8
0.031 0.938 0.031 -43.3
0.162 0.664 0.174 -46.4
0.039 0.919 0.042 -44.0
0.070 0.857 0.073 -44.7
0.009 0.982 0.008 -42.0
0.170 0.683 0.146 -46.2
0.303 0.358 0.339 -48.9
0.090 0.814 0.096 -45.4
0.157 0.671 0.171 -46.3
0.167 0.657 0.176 -46.3
0.011 0.979 0.010 -41.6
0.207 0.456 0.337 -48.7
0.220 0.405 0.374 -50.4
0.122 0.752 0.126 -46.0
0.031 0.940 0.029 -43.6
0.154 0.677 0.169 -46.3
0.064 0.879 0.057 -44.6
0.057 0.885 0.059 -45.1
0.111 0.770 0.120 -45.7
0.128 0.730 0.142 -46.2
0.180 0.430 0.390 -50.2
0.128 0.733 0.140 -46.0
0.172 0.451 0.378 -49.9
0.150 0.683 0.167 -46.3
0.108 0.770 0.122 -46.0
0.039 0.922 0.039 -44.3
0.183 0.450 0.367 -49.2
0.069 0.848 0.083 -45.3
0.061 0.873 0.066 -44.7
0.008 0.984 0.007 -41.6
0.012 0.976 0.011 -42.1
0.108 0.781 0.110 -45.6
0.260 0.389 0.352 -48.7
0.020 0.960 0.020 -43.5
0.142 0.708 0.151 -46.3
0.269 0.464 0.267 -47.9
0.265 0.378 0.356 -48.8
0.150 0.690 0.160 -46.2
0.244 0.386 0.369 -51.4
0.120 0.751 0.129 -46.5
0.223 0.398 0.379 -51.3
0.014 0.973 0.014 -42.2
0.026 0.948 0.026 -43.7
0.094 0.803 0.103 -45.6
0.213 0.419 0.368 -48.8
0.224 0.411 0.365 -49.0
0.162 0.674 0.164 -46.3
0.224 0.564 0.212 -46.9
0.067 0.865 0.068 -44.8
0.212 0.397 0.391 -50.4
0.217 0.395 0.388 -51.7
0.011 0.979 0.010 -42.1
0.086 0.817 0.096 -45.4
0.044 0.910 0.046 -44.1
0.240 0.427 0.333 -48.5
0.210 0.417 0.373 -51.9
0.211 0.407 0.382 -49.7
0.041 0.922 0.037 -44.1
0.234 0.378 0.388 -50.2
0.102 0.782 0.115 -46.6
0.197 0.470 0.333 -49.0
0.233 0.535 0.232 -46.8
0.055 0.889 0.056 -45.0
0.209 0.408 0.383 -50.2
0.014 0.971 0.015 -42.4
0.068 0.856 0.076 -45.6
0.256 0.444 0.300 -48.5
0.012 0.975 0.013 -42.4
0.201 0.432 0.367 -49.5
0.005 0.991 0.004 -40.6
0.024 0.953 0.023 -42.9
0.108 0.776 0.116 -45.6
0.099 0.798 0.102 -45.3
0.004 0.993 0.003 -40.4
0.005 0.990 0.004 -41.1
0.263 0.508 0.229 -47.1
0.019 0.962 0.020 -42.8
0.181 0.628 0.191 -46.4
0.131 0.745 0.125 -46.3
0.060 0.877 0.063 -44.6
0.202 0.445 0.352 -48.8
0.219 0.406 0.376 -50.3
0.101 0.794 0.106 -45.6
0.034 0.932 0.034 -43.9
0.143 0.702 0.155 -46.1
0.088 0.830 0.083 -45.4
0.105 0.780 0.114 -46.0
0.254 0.433 0.313 -48.3
0.078 0.835 0.086 -45.7
0.079 0.842 0.080 -45.3
0.215 0.407 0.378 -49.5
0.229 0.498 0.273 -47.5
0.002 0.996 0.002 -40.0
0.159 0.468 0.373 -50.4
0.166 0.454 0.380 -50.4
0.013 0.974 0.013 -42.7
0.165 0.453 0.382 -51.4
0.224 0.393 0.383 -49.3
0.159 0.660 0.180 -47.1
0.150 0.686 0.164 -46.4
0.194 0.427 0.379 -50.7
0.196 0.528 0.276 -48.6
0.255 0.467 0.278 -47.7
0.025 0.951 0.023 -43.3
0.202 0.581 0.218 -46.8
0.148 0.539 0.313 -50.8
0.101 0.790 0.108 -45.8
0.274 0.430 0.296 -48.3
0.253 0.490 0.258 -47.9
0.187 0.411 0.402 -50.1
0.241 0.460 0.299 -48.0
0.218 0.397 0.384 -49.9
0.029 0.941 0.030 -43.9
0.018 0.963 0.018 -42.5
0.040 0.920 0.039 -43.9
0.072 0.849 0.079 -45.2
0.198 0.580 0.222 -47.1
0.192 0.430 0.378 -50.9
0.296 0.398 0.306 -48.3
0.029 0.942 0.029 -43.3
0.225 0.388 0.388 -50.9
0.009 0.983 0.008 -41.6
0.053 0.896 0.051 -44.4
0.093 0.805 0.102 -45.5
0.039 0.919 0.042 -43.8
0.174 0.454 0.371 -49.9
0.245 0.390 0.364 -48.8
0.236 0.555 0.210 -46.9
0.237 0.382 0.381 -51.5
0.034 0.934 0.032 -43.9
0.032 0.932 0.036 -44.0
0.206 0.412 0.382 -49.8
0.118 0.755 0.127 -46.4
0.234 0.523 0.243 -46.9
0.072 0.860 0.068 -45.1
0.095 0.810 0.094 -45.7
0.258 0.485 0.257 -47.6
0.007 0.987 0.006 -41.3
0.216 0.542 0.242 -47.2
0.093 0.807 0.100 -45.7
0.184 0.611 0.205 -46.6
0.155 0.675 0.170 -46.4
0.246 0.435 0.319 -48.4
0.027 0.946 0.027 -43.1
0.246 0.489 0.265 -47.5
0.110 0.772 0.118 -45.6
0.004 0.993 0.003 -40.6
0.192 0.428 0.380 -50.9
0.149 0.704 0.147 -45.9
0.004 0.993 0.003 -40.4
0.042 0.916 0.042 -44.1
0.045 0.912 0.043 -43.9
0.187 0.620 0.192 -47.0
0.085 0.820 0.094 -45.3
0.013 0.974 0.014 -42.2
0.246 0.377 0.376 -49.2
0.018 0.966 0.016 -42.5
0.230 0.468 0.302 -48.2
0.236 0.503 0.261 -47.3
0.055 0.889 0.056 -44.5
0.103 0.788 0.109 -45.5
0.087 0.831 0.082 -45.3
0.170 0.647 0.183 -46.8
0.058 0.879 0.063 -44.9
0.032 0.930 0.038 -44.9
0.010 0.979 0.010 -41.9
0.192 0.426 0.381 -50.0
0.009 0.982 0.009 -41.8
0.231 0.390 0.379 -49.1
0.165 0.642 0.193 -47.5
0.183 0.600 0.217 -47.4
0.208 0.400 0.392 -50.2
0.142 0.514 0.344 -49.5
0.010 0.981 0.010 -41.7
0.129 0.733 0.137 -45.9
0.033 0.936 0.031 -43.7
0.235 0.371 0.394 -50.2
0.189 0.426 0.385 -49.8
0.268 0.399 0.332 -48.7
0.010 0.979 0.010 -41.8
0.213 0.395 0.392 -49.8
0.208 0.412 0.380 -50.6
0.128 0.736 0.136 -46.6
0.228 0.391 0.381 -50.7
0.205 0.412 0.383 -50.0
0.010 0.980 0.010 -41.6
0.018 0.964 0.018 -43.2
0.007 0.987 0.006 -40.9
0.129 0.736 0.135 -45.8
0.034 0.926 0.040 -45.2
0.193 0.459 0.348 -50.4
0.274 0.449 0.277 -47.6
0.282 0.444 0.273 -48.0
0.141 0.716 0.143 -46.1
0.205 0.415 0.380 -48.9
0.023 0.952 0.025 -43.1
0.253 0.464 0.283 -47.5
0.048 0.899 0.053 -44.5
0.060 0.877 0.063 -44.5
0.195 0.461 0.343 -51.7
0.096 0.802 0.102 -45.4
0.246 0.397 0.358 -49.0
0.222 0.576 0.202 -46.8
0.260 0.453 0.286 -47.7
0.039 0.926 0.035 -44.0
0.012 0.974 0.014 -42.8
0.262 0.418 0.320 -48.5
0.093 0.807 0.100 -46.0
0.260 0.494 0.247 -47.0
0.057 0.883 0.060 -45.2
0.225 0.392 0.383 -49.7
0.053 0.890 0.057 -44.6
0.249 0.439 0.312 -48.3
0.036 0.926 0.038 -43.8
0.017 0.965 0.018 -42.9
0.245 0.414 0.340 -48.7
0.078 0.844 0.078 -45.0
0.140 0.728 0.132 -45.8
0.264 0.448 0.289 -47.9
0.242 0.483 0.275 -47.5
0.194 0.426 0.380 -50.8
0.005 0.991 0.004 -40.7
0.003 0.995 0.002 -40.2
0.013 0.973 0.014 -42.6
0.019 0.964 0.017 -42.6
0.188 0.618 0.194 -47.0
0.283 0.356 0.361 -48.9
0.116 0.767 0.117 -45.9
0.012 0.976 0.012 -42.1
0.185 0.617 0.198 -46.5
0.008 0.984 0.008 -41.2
0.011 0.978 0.011 -42.1
0.192 0.556 0.251 -47.9
0.190 0.433 0.377 -49.6
0.075 0.845 0.080 -45.0
0.147 0.696 0.157 -46.1
0.155 0.676 0.169 -46.3
0.037 0.927 0.036 -44.1
0.209 0.563 0.228 -47.3
0.219 0.411 0.370 -49.1
0.037 0.926 0.037 -44.1
0.110 0.768 0.122 -46.2
0.097 0.805 0.098 -45.6
0.215 0.525 0.260 -47.6
0.250 0.437 0.314 -48.3
0.201 0.423 0.377 -49.0
0.242 0.386 0.371 -48.9
0.176 0.631 0.192 -47.2
0.066 0.862 0.072 -45.2
0.221 0.390 0.389 -50.7
0.182 0.446 0.372 -51.9
0.197 0.425 0.378 -48.9
0.015 0.969 0.016 -42.4
0.200 0.585 0.215 -46.7
0.012 0.977 0.011 -42.0
0.032 0.939 0.029 -43.7
0.260 0.461 0.279 -47.6
0.257 0.436 0.307 -48.1
0.200 0.566 0.234 -47.9
0.230 0.545 0.224 -47.2
0.020 0.960 0.020 -42.8
0.215 0.395 0.390 -49.9
0.003 0.995 0.002 -40.0
0.015 0.970 0.015 -42.2
0.130 0.734 0.136 -45.8
0.025 0.947 0.028 -43.4
0.232 0.410 0.357 -48.7
0.196 0.619 0.185 -46.7
0.014 0.973 0.014 -42.2
0.233 0.388 0.379 -49.1
0.241 0.371 0.388 -50.4
0.002 0.996 0.002 -40.1
0.255 0.449 0.296 -48.0
0.023 0.954 0.023 -43.3
0.176 0.646 0.178 -46.4
0.247 0.467 0.286 -47.8
0.237 0.509 0.254 -47.6
0.258 0.479 0.263 -47.3
0.163 0.671 0.165 -46.3
0.246 0.371 0.383 -52.0
0.151 0.687 0.163 -46.4
0.095 0.802 0.103 -46.1
0.002 0.996 0.002 -40.0
0.110 0.780 0.111 -45.5
0.234 0.515 0.251 -47.1
0.040 0.917 0.043 -44.1
0.261 0.411 0.328 -48.6
0.099 0.793 0.108 -46.1
0.190 0.601 0.209 -46.7
0.118 0.756 0.125 -45.9
0.212 0.553 0.235 -47.4
0.040 0.922 0.039 -43.7
0.208 0.411 0.382 -49.0
0.088 0.817 0.095 -45.2
0.092 0.811 0.097 -45.2
0.028 0.942 0.030 -43.7
0.030 0.943 0.028 -43.3
0.207 0.591 0.202 -47.2
0.150 0.693 0.157 -46.2
0.006 0.989 0.005 -41.0
0.012 0.977 0.011 -41.8
0.223 0.496 0.281 -47.9
0.221 0.405 0.374 -50.4
0.118 0.755 0.127 -45.8
0.198 0.588 0.213 -46.6
0.256 0.456 0.288 -47.8
0.211 0.581 0.208 -46.9
0.098 0.797 0.104 -45.9
0.082 0.827 0.091 -46.2
0.110 0.778 0.112 -45.8
0.198 0.566 0.236 -47.1
0.005 0.990 0.005 -40.8
0.156 0.470 0.374 -50.3
0.002 0.996 0.001 -40.3
0.072 0.852 0.076 -45.0
0.181 0.596 0.223 -47.9
0.117 0.757 0.127 -46.0
0.214 0.403 0.383 -49.7
0.182 0.446 0.372 -51.9
0.168 0.457 0.375 -51.8
0.009 0.984 0.008 -41.5
0.231 0.523 0.246 -47.0
0.016 0.969 0.015 -42.4
0.037 0.929 0.034 -43.9
0.246 0.450 0.304 -48.1
0.238 0.376 0.386 -50.9
0.174 0.648 0.178 -47.1
0.229 0.546 0.225 -47.2
0.027 0.945 0.028 -43.3
0.223 0.388 0.389 -50.1
0.018 0.965 0.017 -42.5
0.206 0.412 0.382 -49.9
0.131 0.731 0.138 -45.9
0.007 0.987 0.006 -40.9
0.002 0.997 0.001 -40.3
0.303 0.410 0.287 -48.0
0.262 0.435 0.303 -48.0
0.247 0.402 0.351 -48.7
0.249 0.475 0.276 -47.5
0.086 0.821 0.094 -45.3
0.208 0.573 0.219 -46.8
0.235 0.409 0.356 -48.7
0.141 0.714 0.145 -46.6
0.239 0.397 0.364 -48.9
0.229 0.391 0.380 -51.4
0.042 0.920 0.038 -44.1
0.262 0.397 0.342 -48.6
0.002 0.995 0.002 -40.4
0.071 0.852 0.077 -45.6
0.078 0.849 0.073 -45.1
0.213 0.568 0.219 -46.8
0.253 0.367 0.380 -51.9
0.044 0.908 0.048 -44.3
0.188 0.432 0.381 -50.0
0.226 0.528 0.246 -47.2
0.058 0.879 0.063 -44.6
0.005 0.992 0.003 -40.7
0.062 0.874 0.064 -44.5
0.226 0.530 0.243 -46.9
0.035 0.930 0.036 -43.6
0.195 0.425 0.380 -51.1
0.005 0.990 0.005 -40.6
0.022 0.954 0.024 -43.4
0.014 0.972 0.014 -42.5
0.030 0.942 0.028 -43.3
0.247 0.467 0.286 -47.9
0.008 0.985 0.007 -41.4
0.246 0.482 0.271 -47.4
0.027 0.946 0.027 -43.2
0.014 0.973 0.013 -42.2
0.162 0.478 0.360 -49.6
0.243 0.478 0.279 -47.7
0.086 0.822 0.092 -45.3
0.203 0.600 0.196 -46.8
0.182 0.615 0.203 -47.4
0.238 0.393 0.370 -49.1
0.085 0.824 0.091 -45.3
0.090 0.810 0.100 -45.7
0.229 0.546 0.226 -47.6
0.220 0.496 0.285 -48.2
0.008 0.985 0.007 -41.3
0.188 0.440 0.372 -49.0
0.181 0.442 0.377 -50.0
0.012 0.976 0.012 -42.2
0.176 0.452 0.372 -49.6
0.182 0.590 0.227 -48.2
0.116 0.753 0.131 -46.3
0.207 0.412 0.381 -49.9
0.182 0.626 0.193 -46.6
0.004 0.992 0.004 -40.4
0.013 0.975 0.011 -42.3
0.011 0.979 0.010 -41.9
0.038 0.928 0.035 -43.9
0.036 0.928 0.036 -43.9
0.185 0.428 0.386 -50.5
0.232 0.556 0.213 -47.0
0.240 0.519 0.241 -47.5
0.004 0.994 0.003 -40.6
0.202 0.408 0.391 -49.6
0.260 0.468 0.273 -47.5
0.041 0.917 0.042 -43.9
0.227 0.404 0.369 -48.8
0.016 0.968 0.016 -42.5
0.011 0.978 0.011 -42.6
0.006 0.989 0.005 -40.7
0.127 0.740 0.133 -45.8
0.023 0.951 0.025 -43.2
0.242 0.481 0.277 -47.8
0.199 0.424 0.377 -49.2
0.282 0.406 0.312 -48.3
0.035 0.929 0.036 -43.7
0.140 0.709 0.151 -46.1
0.252 0.461 0.288 -48.0
0.017 0.967 0.016 -42.7
0.256 0.439 0.306 -48.1
0.036 0.926 0.037 -44.2
0.247 0.492 0.261 -47.4
0.182 0.449 0.369 -49.5
0.185 0.437 0.378 -51.0
0.211 0.593 0.196 -46.7
0.035 0.933 0.032 -43.9
0.238 0.376 0.387 -50.5
0.088 0.814 0.098 -45.5
0.251 0.511 0.238 -47.6
0.071 0.855 0.073 -45.5
0.262 0.473 0.265 -48.0
0.058 0.880 0.062 -44.8
0.236 0.404 0.360 -48.8
0.036 0.922 0.043 -45.4
0.185 0.610 0.206 -46.6
0.007 0.987 0.007 -41.3
0.175 0.447 0.379 -51.0
0.058 0.882 0.060 -44.4
0.162 0.666 0.172 -46.3
0.161 0.671 0.168 -46.2
0.200 0.419 0.381 -51.0
0.107 0.783 0.110 -45.4
0.023 0.952 0.025 -43.5
0.097 0.802 0.100 -45.5
0.185 0.625 0.190 -46.7
0.154 0.685 0.162 -46.1
0.129 0.509 0.362 -49.8
0.213 0.406 0.380 -50.3
0.022 0.956 0.022 -43.0
0.104 0.800 0.096 -45.8
0.051 0.897 0.052 -44.7
0.196 0.415 0.389 -50.1
0.052 0.894 0.055 -44.5
0.032 0.932 0.036 -44.2
0.039 0.920 0.041 -43.9
0.206 0.418 0.376 -50.6
0.238 0.466 0.295 -48.1
0.245 0.489 0.266 -47.4
0.246 0.447 0.307 -48.2
0.238 0.468 0.294 -48.1
0.240 0.497 0.263 -47.3
0.061 0.873 0.066 -44.8
0.266 0.444 0.290 -47.7
0.217 0.547 0.236 -46.9
0.248 0.398 0.355 -48.7
0.004 0.993 0.003 -40.3
0.025 0.952 0.023 -43.3
0.020 0.962 0.018 -42.8
0.042 0.914 0.044 -43.9
0.205 0.414 0.381 -49.0
0.185 0.429 0.386 -50.6
0.258 0.512 0.230 -47.3
0.225 0.395 0.381 -49.2
0.205 0.398 0.396 -49.7
0.271 0.352 0.377 -50.8
0.031 0.939 0.030 -43.4
0.255 0.389 0.356 -48.7
0.215 0.406 0.378 -51.8
0.008 0.984 0.007 -41.9
0.005 0.992 0.004 -40.4
0.020 0.956 0.023 -43.0
0.193 0.432 0.375 -49.2
0.266 0.453 0.281 -47.9
0.263 0.506 0.231 -47.0
0.214 0.399 0.387 -50.4
0.019 0.962 0.019 -42.6
0.251 0.472 0.277 -47.5
0.271 0.397 0.332 -48.5
0.189 0.431 0.380 -50.1
0.247 0.463 0.291 -47.9
0.143 0.709 0.148 -46.7
0.234 0.394 0.373 -51.5
0.260 0.404 0.336 -48.5
0.029 0.939 0.032 -43.9
0.070 0.853 0.077 -45.6
0.003 0.994 0.003 -40.2
0.046 0.913 0.041 -43.9
0.034 0.934 0.032 -43.7
0.055 0.887 0.058 -44.6
0.230 0.401 0.369 -49.0
0.025 0.946 0.029 -44.6
0.036 0.925 0.038 -43.8
0.009 0.982 0.009 -41.4
0.047 0.905 0.048 -44.0
0.240 0.498 0.261 -47.2
0.124 0.746 0.130 -45.7
0.027 0.948 0.025 -43.3
0.153 0.682 0.165 -46.1
0.092 0.810 0.099 -45.3
0.029 0.943 0.028 -43.7
0.088 0.822 0.090 -45.2
0.148 0.701 0.151 -46.0
0.175 0.456 0.369 -49.6
0.009 0.982 0.009 -41.6
0.178 0.634 0.188 -46.4
0.032 0.937 0.031 -43.8
0.006 0.988 0.006 -40.8
0.213 0.503 0.284 -48.0
0.029 0.940 0.031 -43.5
0.089 0.821 0.089 -45.3
0.025 0.951 0.024 -43.4
0.098 0.811 0.091 -45.7
0.254 0.425 0.321 -48.6
0.216 0.403 0.381 -50.2
0.034 0.932 0.034 -44.0
0.120 0.747 0.133 -46.2
0.150 0.693 0.157 -46.2
0.226 0.396 0.377 -49.7
0.208 0.421 0.371 -48.9
0.095 0.803 0.102 -45.4
0.082 0.834 0.084 -45.2
0.218 0.399 0.383 -50.2
0.098 0.795 0.108 -46.1
0.088 0.816 0.096 -45.3
0.274 0.430 0.296 -47.9
0.227 0.506 0.267 -47.6
0.006 0.987 0.006 -41.0
0.232 0.516 0.252 -47.0
0.011 0.980 0.010 -41.9
0.042 0.921 0.037 -44.1
0.199 0.421 0.380 -50.0
0.221 0.384 0.395 -50.2
0.106 0.785 0.109 -46.2
0.274 0.350 0.376 -51.0
0.019 0.964 0.017 -42.9
0.221 0.403 0.376 -51.6
0.262 0.370 0.368 -51.2
0.035 0.927 0.037 -43.7
0.026 0.949 0.025 -43.6
0.021 0.955 0.024 -43.1
0.199 0.426 0.375 -48.9
0.195 0.419 0.386 -49.3
0.329 0.372 0.300 -48.6
0.280 0.421 0.299 -48.0
0.013 0.974 0.013 -42.2
0.224 0.546 0.230 -47.0
0.003 0.995 0.002 -40.3
0.156 0.675 0.169 -46.3
0.232 0.518 0.250 -47.2
0.185 0.623 0.192 -46.6
0.172 0.460 0.368 -49.8
0.041 0.914 0.044 -44.4
0.264 0.374 0.362 -48.8
0.158 0.689 0.153 -46.1
0.191 0.429 0.379 -49.6
0.261 0.442 0.296 -47.8
0.018 0.963 0.018 -42.9
0.238 0.390 0.372 -49.2
0.047 0.903 0.050 -45.0
0.113 0.777 0.110 -45.7
0.254 0.366 0.380 -51.4
0.049 0.897 0.054 -44.4
0.236 0.404 0.361 -48.8
0.096 0.797 0.108 -46.1
0.120 0.750 0.130 -45.9
0.004 0.992 0.004 -40.7
0.208 0.566 0.226 -47.4
0.064 0.869 0.067 -44.6
0.127 0.740 0.133 -45.8
0.015 0.970 0.015 -42.1
0.022 0.955 0.023 -43.2
0.027 0.943 0.030 -44.1
0.042 0.915 0.043 -44.3
0.254 0.447 0.299 -47.9
0.204 0.414 0.382 -49.8
0.139 0.715 0.146 -46.0
0.006 0.990 0.005 -40.6
0.010 0.981 0.010 -41.7
0.196 0.574 0.230 -47.0
0.224 0.404 0.373 -50.9
0.016 0.968 0.016 -42.6
0.020 0.960 0.020 -42.9
0.115 0.776 0.109 -45.8
0.225 0.405 0.370 -50.9
0.033 0.936 0.032 -44.1
0.220 0.535 0.245 -47.3
0.131 0.731 0.138 -45.9
0.228 0.522 0.250 -47.1
0.195 0.420 0.385 -49.3
0.007 0.987 0.006 -41.7
0.186 0.442 0.372 -49.6
0.244 0.382 0.374 -49.1
0.136 0.720 0.143 -46.0
0.156 0.473 0.371 -51.5
0.033 0.932 0.035 -43.7
0.270 0.436 0.295 -47.9
0.025 0.952 0.023 -43.3
0.042 0.920 0.038 -44.1
0.237 0.466 0.297 -48.0
0.024 0.953 0.024 -43.7
0.179 0.440 0.381 -51.0
0.210 0.602 0.188 -46.8
0.222 0.544 0.234 -47.1
0.203 0.398 0.400 -49.7
0.030 0.945 0.025 -43.4
0.173 0.639 0.188 -46.8
0.300 0.370 0.330 -48.6
0.207 0.411 0.382 -49.9
0.139 0.704 0.157 -46.2
0.009 0.982 0.009 -42.1
0.005 0.990 0.004 -40.5
0.130 0.732 0.138 -45.8
0.005 0.991 0.005 -40.9
0.247 0.476 0.276 -47.5
0.198 0.422 0.380 -49.2
0.244 0.376 0.380 -49.8
0.263 0.468 0.269 -47.6
0.015 0.969 0.015 -42.4
0.188 0.421 0.391 -49.7
0.244 0.388 0.369 -48.8
0.006 0.988 0.006 -41.1
0.169 0.644 0.187 -46.6
0.192 0.601 0.207 -46.6
0.087 0.826 0.087 -45.2
0.173 0.486 0.341 -50.7
0.123 0.746 0.131 -46.5
0.133 0.747 0.120 -45.7
0.029 0.938 0.033 -44.0
0.082 0.833 0.085 -45.6
0.214 0.392 0.394 -49.6
0.088 0.820 0.093 -45.8
0.004 0.993 0.003 -40.6
0.171 0.663 0.166 -46.4
0.255 0.371 0.374 -49.4
0.088 0.816 0.095 -45.3
0.106 0.781 0.113 -46.4
0.015 0.970 0.015 -42.2
0.034 0.932 0.034 -43.5
0.216 0.405 0.380 -50.1
0.095 0.806 0.100 -45.3
0.004 0.992 0.003 -40.7
0.019 0.960 0.021 -43.0
0.038 0.923 0.038 -44.0
0.213 0.568 0.219 -47.4
0.214 0.403 0.384 -49.8
0.196 0.447 0.357 -49.5
0.014 0.971 0.014 -42.3
0.188 0.615 0.197 -46.5
0.005 0.991 0.004 -40.7
0.206 0.553 0.242 -47.1
0.225 0.410 0.365 -51.1
0.017 0.967 0.016 -42.7
0.020 0.960 0.020 -42.9
0.114 0.778 0.108 -45.8
0.254 0.460 0.285 -47.8
0.168 0.646 0.186 -46.7
0.197 0.411 0.391 -49.2
0.207 0.407 0.386 -49.6
0.204 0.582 0.214 -46.7
0.005 0.991 0.004 -40.6
0.199 0.572 0.228 -47.2
0.247 0.470 0.282 -47.7
0.026 0.947 0.028 -43.9
0.235 0.465 0.300 -47.9
0.254 0.374 0.372 -49.1
0.135 0.716 0.148 -46.4
0.242 0.479 0.279 -47.6
0.210 0.402 0.388 -51.9
0.163 0.471 0.365 -49.5
0.010 0.980 0.010 -41.7
0.241 0.514 0.245 -47.0
0.021 0.960 0.019 -43.0
0.048 0.906 0.047 -44.5
0.186 0.431 0.383 -49.4
0.096 0.801 0.103 -46.1
0.247 0.537 0.216 -46.9
0.228 0.380 0.392 -49.7
0.006 0.989 0.005 -41.2
0.150 0.686 0.164 -46.6
0.292 0.425 0.283 -48.1
0.033 0.934 0.033 -43.6
0.175 0.636 0.189 -46.8
0.299 0.387 0.315 -48.4
0.258 0.451 0.291 -47.8
0.004 0.993 0.003 -40.4
0.217 0.550 0.233 -46.9
0.005 0.991 0.004 -40.4
0.129 0.735 0.137 -45.8
0.092 0.805 0.103 -45.7
0.242 0.473 0.286 -47.8
0.193 0.431 0.376 -49.7
0.276 0.353 0.371 -49.9
0.254 0.491 0.256 -47.3
0.016 0.969 0.015 -42.4
0.172 0.433 0.395 -50.2
0.218 0.410 0.372 -50.3
0.148 0.695 0.157 -46.1
0.176 0.640 0.184 -46.7
0.214 0.412 0.373 -51.1
0.058 0.888 0.054 -44.4
0.206 0.409 0.385 -49.9
0.030 0.937 0.033 -44.0
0.126 0.739 0.135 -46.3
0.052 0.896 0.053 -44.3
0.083 0.834 0.083 -45.2
0.072 0.855 0.074 -45.5
0.217 0.554 0.229 -47.2
0.152 0.682 0.166 -46.3
0.123 0.748 0.129 -46.3
0.030 0.940 0.030 -43.8
0.114 0.763 0.123 -45.7
0.062 0.874 0.064 -44.6
0.195 0.423 0.382 -50.1
0.302 0.346 0.353 -49.0
0.064 0.869 0.067 -44.6
0.027 0.943 0.029 -43.8
0.012 0.977 0.011 -42.2
0.020 0.959 0.020 -42.7
0.301 0.388 0.310 -48.5
0.012 0.975 0.012 -42.1
0.032 0.935 0.033 -43.5
0.072 0.854 0.074 -45.2
0.133 0.506 0.360 -50.5
0.230 0.395 0.375 -49.4
0.019 0.963 0.018 -42.9
0.029 0.943 0.028 -43.5
0.203 0.574 0.223 -47.1
0.199 0.416 0.385 -49.4
